243.21
243.22
243.24
243.25
243.26
243.28
243.29
243.31
243.32
243.34
243.35
243.37
243.38
243.40
243.41
243.43
243.45
243.46
243.48
243.50
243.52
243.54
243.56
243.58
243.60
243.62
243.64
243.66
243.68
243.70
243.72
243.75
243.77
243.79
243.82
243.84
243.87
243.89
243.92
243.95
243.97
244.00
244.03
244.06
244.09
244.12
244.15
244.18
244.21
244.24
244.27
244.31
244.34
244.37
244.41
244.44
244.47
244.51
244.54
244.58
244.61
244.65
244.69
244.72
244.76
244.80
244.83
244.87
244.91
244.94
244.98
245.02
245.06
245.10
245.13
245.17
245.21
245.25
245.29
245.32
245.36
245.40
245.44
245.48
245.51
245.55
245.59
245.63
245.66
245.70
245.74
245.78
245.81
245.85
245.89
245.92
245.96
245.99
246.03
246.06
246.10
246.13
246.17
246.20
246.23
246.27
246.30
246.33
246.36
246.39
246.43
246.46
246.49
246.52
246.55
246.58
246.60
246.63
246.66
246.69
246.72
246.74
246.77
246.80
246.82
246.85
246.87
246.90
246.93
246.95
246.97
247.00
247.02
247.04
247.07
247.09
247.11
247.13
247.16
247.18
247.20
247.22
247.24
247.26
247.28
247.30
247.32
247.34
247.36
247.37
247.39
247.41
247.43
247.44
247.46
247.48
247.49
247.51
247.52
247.54
247.55
247.57
247.58
247.60
247.61
247.63
247.64
247.65
247.67
247.68
247.69
247.70
247.71
247.73
247.74
247.75
247.76
247.77
247.78
247.79
247.80
247.81
247.82
247.83
247.84
247.85
247.85
247.86
247.87
247.88
247.89
247.89
247.90
247.91
247.91
247.92
247.93
247.93
247.94
247.95
247.95
247.96
247.96
247.97
247.97
247.98
247.99
247.99
248.00
248.00
248.01
248.01
248.01
248.02
248.02
248.03
248.03
248.04
248.04
248.05
248.05
248.06
248.06
248.06
248.07
248.07
248.08
248.08
248.09
248.09
248.10
248.10
248.11
248.11
248.11
248.12
248.12
248.13
248.13
248.14
248.15
248.15
248.16
248.16
248.17
248.17
248.18
248.19
248.19
248.20
248.20
248.21
248.22
248.23
248.23
248.24
248.25
248.26
248.26
248.27
248.28
248.29
248.30
248.31
248.32
248.33
248.34
248.35
248.36
248.37
248.38
248.39
248.40
248.41
248.42
248.44
248.45
248.46
248.48
248.49
248.50
248.52
248.53
248.55
248.56
248.58
248.60
248.61
248.63
248.65
248.67
248.68
248.70
248.72
248.74
248.76
248.79
248.81
248.83
248.85
248.88
248.90
248.93
248.95
248.98
249.00
249.03
249.06
249.09
249.12
249.15
249.18
249.21
249.24
249.27
249.31
249.34
249.37
249.41
249.45
249.48
249.52
249.56
249.60
249.64
249.68
249.72
249.77
249.81
249.85
249.90
249.94
249.99
250.03
250.08
250.13
250.17
250.22
250.27
250.31
250.36
250.41
250.46
250.50
250.55
250.60
250.64
250.69
250.74
250.78
250.83
250.87
250.92
250.96
251.01
251.05
251.09
251.13
251.17
251.21
251.25
251.29
251.33
251.36
251.40
251.43
251.47
251.50
251.53
251.56
251.59
251.62
251.64
251.67
251.69
251.72
251.74
251.76
251.78
251.80
251.82
251.84
251.86
251.88
251.89
251.91
251.92
251.94
251.95
251.96
251.97
251.98
251.99
252.00
252.01
252.01
252.02
252.03
252.03
252.04
252.04
252.04
252.04
252.05
252.05
252.05
252.05
252.05
252.05
252.04
252.04
252.04
252.04
252.03
252.03
252.02
252.02
252.01
252.01
252.00
251.99
251.99
251.98
251.97
251.96
251.95
251.94
251.93
251.92
251.91
251.90
251.89
251.88
251.87
251.86
251.85
251.84
251.83
251.82
251.80
251.79
251.78
251.77
251.76
251.75
251.73
251.72
251.71
251.70
251.69
251.68
251.67
251.66
251.65
251.63
251.62
251.61
251.60
251.60
251.59
251.58
251.57
251.56
251.55
251.54
251.54
251.53
251.52
251.52
251.51
251.51
251.50
251.50
251.50
251.49
251.49
251.49
251.49
251.49
251.49
251.49
251.49
251.50
251.50
251.50
251.51
251.51
251.52
251.53
251.53
251.54
251.55
251.56
251.57
251.59
251.60
251.61
251.63
251.65
251.66
251.68
251.70
251.72
251.74
251.76
251.79
251.81
251.84
251.87
251.89
251.92
251.96
251.99
252.02
252.06
252.09
252.13
252.17
252.21
252.25
252.29
252.34
252.38
252.43
252.48
252.53
252.58
252.63
252.69
252.74
252.80
252.86
252.92
252.98
253.05
253.11
253.18
253.24
253.31
253.38
253.45
253.52
253.59
253.66
253.73
253.80
253.87
253.94
254.02
254.09
254.16
254.23
254.30
254.37
254.43
254.50
254.57
254.63
254.70
254.76
254.82
254.88
254.94
255.00
255.06
255.11
255.16
255.21
255.26
255.31
255.36
255.40
255.45
255.49
255.53
255.57
255.61
255.65
255.68
255.72
255.76
255.79
255.83
255.86
255.89
255.92
255.96
255.99
256.02
256.05
256.08
256.11
256.14
256.17
256.20
256.23
256.26
256.29
256.32
256.35
256.38
256.41
256.44
256.47
256.50
256.53
256.57
256.60
256.63
256.67
256.71
256.74
256.78
256.82
256.85
256.89
256.93
256.97
257.01
257.05
257.09
257.13
257.17
257.22
257.26
257.30
257.34
257.39
257.43
257.47
257.52
257.56
257.60
257.65
257.69
257.74
257.78
257.82
257.87
257.91
257.95
258.00
258.04
258.08
258.13
258.17
258.21
258.25
258.30
258.34
258.38
258.42
258.46
258.50
258.54
258.58
258.62
258.65
258.69
258.73
258.76
258.80
258.83
258.87
258.90
258.94
258.97
259.00
259.03
259.06
259.09
259.12
259.15
259.18
259.21
259.24
259.27
259.30
259.32
259.35
259.38
259.41
259.43
259.46
259.49
259.51
259.54
259.57
259.59
259.62
259.64
259.67
259.70
259.72
259.75
259.78
259.80
259.83
259.86
259.89
259.91
259.94
259.97
260.00
260.03
260.06
260.09
260.12
260.15
260.18
260.21
260.24
260.28
260.31
260.34
260.38
260.41
260.45
260.49
260.52
260.56
260.60
260.64
260.68
260.72
260.76
260.80
260.85
260.89
260.93
260.98
261.02
261.07
261.11
261.16
261.20
261.25
261.30
261.34
261.39
261.43
261.48
261.53
261.57
261.62
261.66
261.71
261.75
261.80
261.84
261.89
261.93
261.97
262.02
262.06
262.10
262.14
262.18
262.22
262.26
262.29
262.33
262.37
262.40
262.43
262.47
262.50
262.53
262.56
262.59
262.61
262.64
262.67
262.69
262.72
262.74
262.77
262.79
262.81
262.83
262.86
262.88
262.90
262.92
262.94
262.96
262.98
263.00
263.02
263.03
263.05
263.07
263.09
263.11
263.13
263.14
263.16
263.18
263.20
263.22
263.24
263.26
263.28
263.30
263.31
263.33
263.35
263.37
263.39
263.41
263.43
263.45
263.47
263.49
263.51
263.53
263.55
263.57
263.59
263.61
263.63
263.65
263.67
263.69
263.70
263.72
263.74
263.76
263.78
263.80
263.81
263.83
263.85
263.87
263.88
263.90
263.92
263.93
263.95
263.96
263.98
263.99
264.01
264.02
264.03
264.05
264.06
264.07
264.08
264.09
264.11
264.12
264.13
264.14
264.14
264.15
264.16
264.17
264.17
264.18
264.19
264.19
264.20
264.20
264.20
264.21
264.21
264.21
264.21
264.21
264.21
264.21
264.21
264.21
264.21
264.20
264.20
264.20
264.19
264.19
264.19
264.18
264.18
264.17
264.17
264.16
264.16
264.15
264.14
264.14
264.13
264.12
264.12
264.11
264.11
264.10
264.09
264.09
264.08
264.07
264.07
264.06
264.05
264.05
264.04
264.04
264.03
264.02
264.02
264.01
264.01
264.00
264.00
264.00
263.99
263.99
263.99
263.98
263.98
263.98
263.98
263.98
263.97
263.97
263.97
263.97
263.97
263.97
263.97
263.97
263.97
263.97
263.97
263.98
263.98
263.98
263.98
263.98
263.98
263.99
263.99
263.99
264.00
264.00
264.00
264.01
264.01
264.01
264.02
264.02
264.02
264.03
264.03
264.04
264.04
264.05
264.05
264.06
264.06
264.06
264.07
264.07
264.08
264.08
264.09
264.10
264.10
264.11
264.11
264.12
264.12
264.13
264.13
264.14
264.14
264.15
264.15
264.16
264.16
264.17
264.17
264.18
264.18
264.19
264.20
264.20
264.20
264.21
264.21
264.22
264.22
264.23
264.23
264.24
264.24
264.25
264.25
264.25
264.26
264.26
264.27
264.27
264.27
264.28
264.28
264.29
264.29
264.29
264.30
264.30
264.30
264.31
264.31
264.31
264.32
264.32
264.32
264.32
264.33
264.33
264.33
264.34
264.34
264.34
264.34
264.35
264.35
264.35
264.35
264.35
264.36
264.36
264.36
264.36
264.36
264.37
264.37
264.37
264.37
264.37
264.38
264.38
264.38
264.38
264.38
264.38
264.38
264.39
264.39
264.39
264.39
264.39
264.39
264.39
264.39
264.39
264.39
264.40
264.40
264.40
264.40
264.40
264.40
264.40
264.40
264.40
264.40
264.40
264.40
264.40
264.40
264.40
264.40
264.40
264.40
264.40
264.40
264.40
264.40
264.40
264.40
264.40
264.40
264.40
264.40
264.40
264.40
264.40
264.40
264.40
264.40
264.40
264.40
264.40
264.40
264.40
264.40
264.40
264.40
264.40
264.40
264.40
264.40
264.40
264.40
264.40
264.40
264.40
264.40
264.40
264.40
264.40
264.40
264.40
264.40
264.41
264.41
264.41
264.41
264.41
264.41
264.41
264.41
264.41
264.41
264.42
264.42
264.42
264.42
264.42
264.42
264.43
264.43
264.43
264.43
264.43
264.44
264.44
264.44
264.44
264.45
264.45
264.45
264.46
264.46
264.46
264.47
264.47
264.47
264.48
264.48
264.48
264.49
264.49
264.50
264.50
264.51
264.51
264.52
264.52
264.53
264.53
264.54
264.54
264.55
264.55
264.56
264.57
264.57
264.58
264.59
264.59
264.60
264.61
264.61
264.62
264.63
264.64
264.65
264.65
264.66
264.67
264.68
264.69
264.70
264.71
264.72
264.73
264.74
264.75
264.76
264.77
264.78
264.79
264.80
264.81
264.82
264.84
264.85
264.86
264.87
264.88
264.90
264.91
264.92
264.94
264.95
264.96
264.98
264.99
265.01
265.02
265.03
265.05
265.06
265.08
265.09
265.11
265.12
265.13
265.15
265.16
265.18
265.19
265.21
265.22
265.24
265.25
265.26
265.28
265.29
265.31
265.32
265.33
265.35
265.36
265.38
265.39
265.40
265.42
265.43
265.44
265.45
265.47
265.48
265.49
265.50
265.52
265.53
265.54
265.55
265.56
265.57
265.58
265.59
265.60
265.61
265.62
265.63
265.64
265.64
265.65
265.66
265.67
265.67
265.68
265.69
265.69
265.70
265.71
265.71
265.72
265.72
265.73
265.73
265.74
265.74
265.75
265.75
265.75
265.76
265.76
265.76
265.76
265.77
265.77
265.77
265.77
265.78
265.78
265.78
265.78
265.78
265.78
265.78
265.78
265.78
265.78
265.78
265.78
265.78
265.78
265.78
265.78
265.78
265.78
265.78
265.78
265.78
265.78
265.78
265.77
265.77
265.77
265.77
265.77
265.77
265.76
265.76
265.76
265.76
265.75
265.75
265.75
265.75
265.74
265.74
265.74
265.73
265.73
265.73
265.73
265.72
265.72
265.72
265.71
265.71
265.71
265.70
265.70
265.70
265.69
265.69
265.69
265.68
265.68
265.68
265.68
265.67
265.67
265.67
265.66
265.66
265.66
265.65
265.65
265.65
265.64
265.64
265.64
265.64
265.63
265.63
265.63
265.63
265.62
265.62
265.62
265.62
265.61
265.61
265.61
265.61
265.61
265.61
265.60
265.60
265.60
265.60
265.60
265.60
265.60
265.60
265.60
265.60
265.59
265.59
265.59
265.59
265.59
265.59
265.59
265.60
265.60
265.60
265.60
265.60
265.60
265.60
265.60
265.60
265.60
265.60
265.60
265.61
265.61
265.61
265.61
265.61
265.61
265.62
265.62
265.62
265.62
265.62
265.63
265.63
265.63
265.63
265.64
265.64
265.64
265.64
265.65
265.65
265.65
265.65
265.66
265.66
265.66
265.66
265.67
265.67
265.67
265.68
265.68
265.68
265.69
265.69
265.69
265.70
265.70
265.70
265.70
265.71
265.71
265.71
265.72
265.72
265.72
265.73
265.73
265.73
265.74
265.74
265.74
265.75
265.75
265.75
265.76
265.76
265.76
265.77
265.77
265.77
265.78
265.78
265.78
265.79
265.79
265.79
265.80
265.80
265.80
265.81
265.81
265.81
265.82
265.82
265.82
265.82
265.83
265.83
265.83
265.84
265.84
265.84
265.84
265.85
265.85
265.85
265.85
265.86
265.86
265.86
265.87
265.87
265.87
265.87
265.88
265.88
265.88
265.88
265.89
265.89
265.89
265.90
265.90
265.90
265.90
265.91
265.91
265.91
265.91
265.92
265.92
265.92
265.93
265.93
265.93
265.93
265.94
265.94
265.94
265.95
265.95
265.95
265.96
265.96
265.96
265.97
265.97
265.97
265.97
265.98
265.98
265.99
265.99
265.99
266.00
266.00
266.00
266.01
266.01
266.01
266.02
266.02
266.03
266.03
266.03
266.04
266.04
266.05
266.05
266.05
266.06
266.06
266.07
266.07
266.08
266.08
266.09
266.09
266.09
266.10
266.10
266.11
266.11
266.12
266.12
266.13
266.14
266.14
266.15
266.15
266.16
266.16
266.17
266.18
266.18
266.19
266.19
266.20
266.21
266.21
266.22
266.23
266.23
266.24
266.25
266.25
266.26
266.27
266.27
266.28
266.29
266.30
266.30
266.31
266.32
266.32
266.33
266.34
266.35
266.36
266.36
266.37
266.38
266.39
266.39
266.40
266.41
266.42
266.42
266.43
266.44
266.45
266.45
266.46
266.47
266.48
266.49
266.49
266.50
266.51
266.52
266.52
266.53
266.54
266.55
266.55
266.56
266.57
266.58
266.58
266.59
266.60
266.60
266.61
266.62
266.62
266.63
266.64
266.64
266.65
266.66
266.66
266.67
266.68
266.68
266.69
266.70
266.70
266.71
266.71
266.72
266.72
266.73
266.73
266.74
266.74
266.75
266.75
266.76
266.76
266.77
266.77
266.78
266.78
266.78
266.79
266.79
266.79
266.80
266.80
266.80
266.81
266.81
266.81
266.81
266.81
266.82
266.82
266.82
266.82
266.82
266.82
266.82
266.82
266.82
266.82
266.82
266.82
266.82
266.82
266.82
266.82
266.82
266.82
266.82
266.81
266.81
266.81
266.81
266.80
266.80
266.80
266.79
266.79
266.78
266.78
266.78
266.77
266.77
266.76
266.76
266.75
266.74
266.74
266.73
266.73
266.72
266.71
266.71
266.70
266.69
266.68
266.68
266.67
266.66
266.65
266.65
266.64
266.63
266.62
266.62
266.61
266.60
266.59
266.58
266.57
266.56
266.56
266.55
266.54
266.53
266.52
266.51
266.50
266.50
266.49
266.48
266.47
266.46
266.45
266.44
266.43
266.43
266.42
266.41
266.40
266.39
266.38
266.38
266.37
266.36
266.35
266.34
266.34
266.33
266.32
266.31
266.31
266.30
266.29
266.28
266.28
266.27
266.26
266.26
266.25
266.25
266.24
266.23
266.23
266.22
266.22
266.21
266.21
266.20
266.20
266.20
266.19
266.19
266.19
266.18
266.18
266.18
266.17
266.17
266.17
266.17
266.17
266.16
266.16
266.16
266.16
266.16
266.16
266.16
266.16
266.16
266.16
266.16
266.16
266.16
266.16
266.16
266.16
266.16
266.16
266.16
266.16
266.17
266.17
266.17
266.17
266.17
266.18
266.18
266.18
266.18
266.18
266.19
266.19
266.19
266.19
266.20
266.20
266.20
266.21
266.21
266.21
266.22
266.22
266.22
266.23
266.23
266.23
266.24
266.24
266.24
266.25
266.25
266.25
266.26
266.26
266.27
266.27
266.27
266.28
266.28
266.28
266.29
266.29
266.30
266.30
266.30
266.31
266.31
266.31
266.32
266.32
266.32
266.33
266.33
266.34
266.34
266.34
266.35
266.35
266.35
266.35
266.36
266.36
266.36
266.37
266.37
266.37
266.37
266.38
266.38
266.38
266.38
266.38
266.39
266.39
266.39
266.39
266.39
266.39
266.40
266.40
266.40
266.40
266.40
266.40
266.40
266.40
266.40
266.40
266.40
266.40
266.40
266.40
266.40
266.40
266.40
266.39
266.39
266.39
266.39
266.39
266.39
266.38
266.38
266.38
266.38
266.37
266.37
266.37
266.36
266.36
266.36
266.35
266.35
266.35
266.34
266.34
266.33
266.33
266.33
266.32
266.32
266.31
266.31
266.30
266.30
266.29
266.29
266.28
266.28
266.27
266.27
266.26
266.25
266.25
266.24
266.24
266.23
266.22
266.22
266.21
266.20
266.20
266.19
266.19
266.18
266.17
266.17
266.16
266.15
266.14
266.14
266.13
266.12
266.12
266.11
266.10
266.09
266.09
266.08
266.07
266.06
266.06
266.05
266.04
266.03
266.02
266.02
266.01
266.00
265.99
265.99
265.98
265.97
265.96
265.95
265.95
265.94
265.93
265.92
265.91
265.91
265.90
265.89
265.88
265.87
265.86
265.86
265.85
265.84
265.83
265.82
265.82
265.81
265.80
265.79
265.78
265.78
265.77
265.76
265.75
265.74
265.74
265.73
265.72
265.71
265.70
265.70
265.69
265.68
265.67
265.66
265.66
265.65
265.64
265.63
265.62
265.62
265.61
265.60
265.59
265.59
265.58
265.57
265.56
265.55
265.55
265.54
265.53
265.52
265.51
265.51
265.50
265.49
265.48
265.47
265.47
265.46
265.45
265.44
265.43
265.43
265.42
265.41
265.40
265.39
265.38
265.38
265.37
265.36
265.35
265.34
265.34
265.33
265.32
265.31
265.30
265.29
265.29
265.28
265.27
265.26
265.25
265.24
265.23
265.23
265.22
265.21
265.20
265.19
265.18
265.17
265.17
265.16
265.15
265.14
265.13
265.12
265.11
265.10
265.09
265.09
265.08
265.07
265.06
265.05
265.04
265.03
265.02
265.01
265.00
265.00
264.99
264.98
264.97
264.96
264.95
264.94
264.93
264.92
264.91
264.91
264.90
264.89
264.88
264.87
264.86
264.85
264.84
264.83
264.83
264.82
264.81
264.80
264.79
264.78
264.77
264.77
264.76
264.75
264.74
264.73
264.72
264.72
264.71
264.70
264.69
264.68
264.67
264.67
264.66
264.65
264.64
264.63
264.63
264.62
264.61
264.60
264.60
264.59
264.58
264.57
264.57
264.56
264.55
264.55
264.54
264.53
264.53
264.52
264.51
264.51
264.50
264.49
264.49
264.48
264.48
264.47
264.46
264.46
264.45
264.45
264.44
264.44
264.43
264.42
264.42
264.41
264.41
264.40
264.40
264.40
264.39
264.39
264.38
264.38
264.37
264.37
264.37
264.36
264.36
264.36
264.35
264.35
264.34
264.34
264.34
264.34
264.33
264.33
264.33
264.32
264.32
264.32
264.32
264.31
264.31
264.31
264.31
264.30
264.30
264.30
264.30
264.29
264.29
264.29
264.29
264.29
264.28
264.28
264.28
264.28
264.28
264.28
264.27
264.27
264.27
264.27
264.27
264.27
264.26
264.26
264.26
264.26
264.26
264.26
264.25
264.25
264.25
264.25
264.25
264.25
264.25
264.24
264.24
264.24
264.24
264.24
264.24
264.23
264.23
264.23
264.23
264.23
264.23
264.22
264.22
264.22
264.22
264.22
264.21
264.21
264.21
264.21
264.20
264.20
264.20
264.20
264.20
264.19
264.19
264.19
264.18
264.18
264.18
264.18
264.17
264.17
264.17
264.16
264.16
264.16
264.16
264.15
264.15
264.15
264.14
264.14
264.14
264.13
264.13
264.13
264.12
264.12
264.11
264.11
264.11
264.10
264.10
264.10
264.09
264.09
264.09
264.08
264.08
264.07
264.07
264.07
264.06
264.06
264.05
264.05
264.05
264.04
264.04
264.04
264.03
264.03
264.02
264.02
264.02
264.01
264.01
264.00
264.00
264.00
263.99
263.99
263.98
263.98
263.98
263.97
263.97
263.96
263.96
263.96
263.95
263.95
263.95
263.94
263.94
263.93
263.93
263.93
263.92
263.92
263.92
263.91
263.91
263.91
263.90
263.90
263.90
263.89
263.89
263.89
263.88
263.88
263.88
263.87
263.87
263.87
263.86
263.86
263.86
263.85
263.85
263.85
263.85
263.84
263.84
263.84
263.84
263.83
263.83
263.83
263.83
263.82
263.82
263.82
263.82
263.82
263.81
263.81
263.81
263.81
263.81
263.80
263.80
263.80
263.80
263.80
263.80
263.80
263.80
263.79
263.79
263.79
263.79
263.79
263.79
263.79
263.79
263.79
263.79
263.79
263.79
263.79
263.79
263.79
263.79
263.79
263.78
263.78
263.78
263.78
263.78
263.79
263.79
263.79
263.79
263.79
263.79
263.79
263.79
263.79
263.79
263.79
263.79
263.79
263.79
263.79
263.79
263.79
263.79
263.79
263.79
263.79
263.79
263.79
263.79
263.79
263.80
263.80
263.80
263.80
263.80
263.80
263.80
263.80
263.80
263.80
263.80
263.80
263.80
263.80
263.80
263.80
263.80
263.80
263.80
263.80
263.80
263.81
263.81
263.81
263.81
263.81
263.81
263.81
263.81
263.81
263.81
263.81
263.81
263.81
263.81
263.81
263.81
263.81
263.81
263.81
263.81
263.81
263.81
263.81
263.81
263.81
263.81
263.81
263.81
263.81
263.81
263.81
263.81
263.81
263.81
263.81
263.81
263.81
263.81
263.81
263.81
263.81
263.81
263.81
263.80
263.80
263.80
263.80
263.80
263.80
263.80
263.80
263.80
263.80
263.80
263.80
263.80
263.80
263.80
263.79
263.79
263.79
263.79
263.79
263.79
263.79
263.79
263.79
263.79
263.78
263.78
263.78
263.78
263.78
263.78
263.78
263.78
263.77
263.77
263.77
263.77
263.77
263.77
263.76
263.76
263.76
263.76
263.76
263.76
263.75
263.75
263.75
263.75
263.75
263.74
263.74
263.74
263.74
263.74
263.73
263.73
263.73
263.73
263.72
263.72
263.72
263.72
263.71
263.71
263.71
263.71
263.70
263.70
263.70
263.70
263.69
263.69
263.69
263.68
263.68
263.68
263.67
263.67
263.67
263.66
263.66
263.66
263.65
263.65
263.65
263.64
263.64
263.64
263.63
263.63
263.63
263.62
263.62
263.61
263.61
263.61
263.60
263.60
263.59
263.59
263.58
263.58
263.58
263.57
263.57
263.56
263.56
263.55
263.55
263.54
263.54
263.53
263.53
263.52
263.52
263.51
263.51
263.50
263.50
263.49
263.49
263.48
263.48
263.47
263.47
263.46
263.45
263.45
263.44
263.44
263.43
263.42
263.42
263.41
263.41
263.40
263.39
263.39
263.38
263.37
263.37
263.36
263.35
263.35
263.34
263.33
263.33
263.32
263.31
263.31
263.30
263.29
263.28
263.28
263.27
263.26
263.25
263.25
263.24
263.23
263.22
263.22
263.21
263.20
263.19
263.18
263.18
263.17
263.16
263.15
263.14
263.13
263.13
263.12
263.11
263.10
263.09
263.08
263.07
263.06
263.06
263.05
263.04
263.03
263.02
263.01
263.00
262.99
262.99
262.98
262.97
262.96
262.95
262.94
262.93
262.93
262.92
262.91
262.90
262.89
262.88
262.87
262.87
262.86
262.85
262.84
262.83
262.83
262.82
262.81
262.80
262.80
262.79
262.78
262.77
262.77
262.76
262.75
262.74
262.74
262.73
262.72
262.72
262.71
262.70
262.70
262.69
262.69
262.68
262.68
262.67
262.66
262.66
262.65
262.65
262.65
262.64
262.64
262.63
262.63
262.62
262.62
262.62
262.61
262.61
262.61
262.60
262.60
262.60
262.60
262.60
262.59
262.59
262.59
262.59
262.59
262.59
262.59
262.59
262.59
262.59
262.59
262.59
262.59
262.59
262.59
262.59
262.59
262.59
262.59
262.59
262.60
262.60
262.60
262.60
262.60
262.60
262.61
262.61
262.61
262.61
262.62
262.62
262.62
262.62
262.63
262.63
262.63
262.64
262.64
262.64
262.65
262.65
262.65
262.66
262.66
262.66
262.67
262.67
262.67
262.68
262.68
262.68
262.69
262.69
262.70
262.70
262.70
262.71
262.71
262.71
262.72
262.72
262.72
262.73
262.73
262.73
262.74
262.74
262.75
262.75
262.75
262.76
262.76
262.76
262.76
262.77
262.77
262.77
262.78
262.78
262.78
262.78
262.79
262.79
262.79
262.79
262.79
262.80
262.80
262.80
262.80
262.80
262.80
262.81
262.81
262.81
262.81
262.81
262.81
262.81
262.81
262.81
262.81
262.81
262.81
262.81
262.81
262.81
262.81
262.81
262.81
262.81
262.81
262.81
262.81
262.81
262.81
262.81
262.81
262.81
262.81
262.81
262.81
262.81
262.81
262.81
262.81
262.80
262.80
262.80
262.80
262.80
262.80
262.80
262.80
262.80
262.80
262.80
262.80
262.80
262.80
262.80
262.80
262.80
262.80
262.80
262.80
262.80
262.80
262.80
262.80
262.80
262.80
262.80
262.80
262.80
262.80
262.80
262.80
262.80
262.80
262.80
262.81
262.81
262.81
262.81
262.81
262.81
262.81
262.81
262.81
262.81
262.81
262.81
262.82
262.82
262.82
262.82
262.82
262.82
262.82
262.82
262.83
262.83
262.83
262.83
262.83
262.83
262.83
262.84
262.84
262.84
262.84
262.84
262.84
262.85
262.85
262.85
262.85
262.85
262.86
262.86
262.86
262.86
262.86
262.86
262.87
262.87
262.87
262.87
262.88
262.88
262.88
262.88
262.88
262.89
262.89
262.89
262.89
262.90
262.90
262.90
262.90
262.91
262.91
262.91
262.91
262.92
262.92
262.92
262.92
262.93
262.93
262.93
262.93
262.94
262.94
262.94
262.95
262.95
262.95
262.95
262.96
262.96
262.96
262.97
262.97
262.97
262.98
262.98
262.98
262.98
262.99
262.99
262.99
263.00
263.00
263.00
263.01
263.01
263.01
263.02
263.02
263.02
263.03
263.03
263.03
263.04
263.04
263.04
263.05
263.05
263.05
263.06
263.06
263.06
263.06
263.07
263.07
263.07
263.08
263.08
263.08
263.09
263.09
263.09
263.10
263.10
263.10
263.11
263.11
263.11
263.12
263.12
263.12
263.12
263.13
263.13
263.13
263.14
263.14
263.14
263.14
263.15
263.15
263.15
263.15
263.16
263.16
263.16
263.16
263.17
263.17
263.17
263.17
263.18
263.18
263.18
263.18
263.18
263.19
263.19
263.19
263.19
263.19
263.19
263.20
263.20
263.20
263.20
263.20
263.20
263.20
263.20
263.20
263.21
263.21
263.21
263.21
263.21
263.21
263.21
263.21
263.21
263.21
263.21
263.21
263.21
263.21
263.21
263.21
263.21
263.21
263.21
263.21
263.21
263.20
263.20
263.20
263.20
263.20
263.20
263.20
263.20
263.19
263.19
263.19
263.19
263.19
263.18
263.18
263.18
263.18
263.17
263.17
263.17
263.16
263.16
263.16
263.16
263.15
263.15
263.15
263.14
263.14
263.13
263.13
263.13
263.12
263.12
263.12
263.11
263.11
263.10
263.10
263.09
263.09
263.08
263.08
263.08
263.07
263.07
263.06
263.06
263.05
263.05
263.04
263.04
263.03
263.02
263.02
263.01
263.01
263.00
263.00
262.99
262.99
262.98
262.97
262.97
262.96
262.96
262.95
262.94
262.94
262.93
262.93
262.92
262.91
262.91
262.90
262.89
262.89
262.88
262.87
262.87
262.86
262.85
262.85
262.84
262.83
262.83
262.82
262.81
262.81
262.80
262.79
262.79
262.78
262.77
262.77
262.76
262.75
262.74
262.74
262.73
262.72
262.72
262.71
262.70
262.69
262.69
262.68
262.67
262.66
262.66
262.65
262.64
262.64
262.63
262.62
262.61
262.61
262.60
262.59
262.58
262.58
262.57
262.56
262.55
262.55
262.54
262.53
262.52
262.52
262.51
262.50
262.49
262.48
262.48
262.47
262.46
262.45
262.45
262.44
262.43
262.42
262.42
262.41
262.40
262.39
262.38
262.38
262.37
262.36
262.35
262.35
262.34
262.33
262.32
262.31
262.31
262.30
262.29
262.28
262.27
262.27
262.26
262.25
262.24
262.24
262.23
262.22
262.21
262.20
262.20
262.19
262.18
262.17
262.16
262.16
262.15
262.14
262.13
262.12
262.12
262.11
262.10
262.09
262.09
262.08
262.07
262.06
262.05
262.05
262.04
262.03
262.02
262.01
262.01
262.00
261.99
261.98
261.98
261.97
261.96
261.95
261.94
261.94
261.93
261.92
261.91
261.91
261.90
261.89
261.88
261.88
261.87
261.86
261.85
261.85
261.84
261.83
261.82
261.82
261.81
261.80
261.79
261.79
261.78
261.77
261.76
261.76
261.75
261.74
261.73
261.73
261.72
261.71
261.70
261.70
261.69
261.68
261.67
261.67
261.66
261.65
261.64
261.64
261.63
261.62
261.61
261.61
261.60
261.59
261.58
261.58
261.57
261.56
261.55
261.55
261.54
261.53
261.52
261.51
261.51
261.50
261.49
261.48
261.48
261.47
261.46
261.45
261.44
261.43
261.43
261.42
261.41
261.40
261.39
261.38
261.38
261.37
261.36
261.35
261.34
261.33
261.32
261.31
261.30
261.30
261.29
261.28
261.27
261.26
261.25
261.24
261.23
261.22
261.21
261.20
261.19
261.18
261.17
261.16
261.15
261.14
261.13
261.12
261.11
261.10
261.09
261.08
261.06
261.05
261.04
261.03
261.02
261.01
261.00
260.99
260.98
260.97
260.96
260.94
260.93
260.92
260.91
260.90
260.89
260.88
260.87
260.85
260.84
260.83
260.82
260.81
260.80
260.79
260.78
260.76
260.75
260.74
260.73
260.72
260.71
260.70
260.69
260.68
260.66
260.65
260.64
260.63
260.62
260.61
260.60
260.59
260.58
260.57
260.56
260.55
260.54
260.53
260.52
260.51
260.50
260.49
260.48
260.47
260.46
260.45
260.44
260.43
260.42
260.41
260.40
260.39
260.38
260.37
260.36
260.36
260.35
260.34
260.33
260.32
260.31
260.31
260.30
260.29
260.28
260.28
260.27
260.26
260.26
260.25
260.24
260.24
260.23
260.22
260.22
260.21
260.21
260.20
260.19
260.19
260.18
260.18
260.18
260.17
260.17
260.16
260.16
260.15
260.15
260.15
260.14
260.14
260.14
260.13
260.13
260.13
260.13
260.12
260.12
260.12
260.12
260.12
260.11
260.11
260.11
260.11
260.11
260.11
260.11
260.11
260.10
260.10
260.10
260.10
260.10
260.10
260.10
260.10
260.10
260.10
260.10
260.10
260.10
260.10
260.11
260.11
260.11
260.11
260.11
260.11
260.11
260.11
260.11
260.12
260.12
260.12
260.12
260.12
260.12
260.13
260.13
260.13
260.13
260.13
260.14
260.14
260.14
260.14
260.15
260.15
260.15
260.15
260.16
260.16
260.16
260.16
260.17
260.17
260.17
260.18
260.18
260.18
260.18
260.19
260.19
260.19
260.20
260.20
260.20
260.21
260.21
260.21
260.22
260.22
260.22
260.23
260.23
260.23
260.24
260.24
260.24
260.25
260.25
260.25
260.26
260.26
260.26
260.27
260.27
260.27
260.28
260.28
260.28
260.29
260.29
260.29
260.30
260.30
260.30
260.31
260.31
260.32
260.32
260.32
260.33
260.33
260.33
260.34
260.34
260.35
260.35
260.35
260.36
260.36
260.36
260.37
260.37
260.38
260.38
260.38
260.39
260.39
260.40
260.40
260.40
260.41
260.41
260.41
260.42
260.42
260.43
260.43
260.43
260.44
260.44
260.45
260.45
260.45
260.46
260.46
260.47
260.47
260.47
260.48
260.48
260.49
260.49
260.49
260.50
260.50
260.51
260.51
260.51
260.52
260.52
260.53
260.53
260.53
260.54
260.54
260.55
260.55
260.56
260.56
260.56
260.57
260.57
260.58
260.58
260.58
260.59
260.59
260.60
260.60
260.60
260.61
260.61
260.62
260.62
260.62
260.63
260.63
260.64
260.64
260.64
260.65
260.65
260.66
260.66
260.66
260.67
260.67
260.68
260.68
260.68
260.69
260.69
260.69
260.70
260.70
260.71
260.71
260.71
260.72
260.72
260.72
260.73
260.73
260.73
260.74
260.74
260.74
260.75
260.75
260.75
260.76
260.76
260.76
260.76
260.77
260.77
260.77
260.77
260.78
260.78
260.78
260.78
260.79
260.79
260.79
260.79
260.80
260.80
260.80
260.80
260.80
260.80
260.81
260.81
260.81
260.81
260.81
260.81
260.81
260.81
260.82
260.82
260.82
260.82
260.82
260.82
260.82
260.82
260.82
260.82
260.82
260.82
260.82
260.82
260.82
260.82
260.82
260.82
260.82
260.81
260.81
260.81
260.81
260.81
260.81
260.81
260.80
260.80
260.80
260.80
260.80
260.79
260.79
260.79
260.79
260.78
260.78
260.78
260.77
260.77
260.77
260.76
260.76
260.76
260.75
260.75
260.74
260.74
260.74
260.73
260.73
260.72
260.72
260.71
260.71
260.70
260.70
260.69
260.69
260.68
260.68
260.67
260.67
260.66
260.66
260.65
260.65
260.64
260.64
260.63
260.63
260.62
260.62
260.61
260.60
260.60
260.59
260.59
260.58
260.58
260.57
260.56
260.56
260.55
260.55
260.54
260.53
260.53
260.52
260.52
260.51
260.50
260.50
260.49
260.49
260.48
260.47
260.47
260.46
260.46
260.45
260.44
260.44
260.43
260.43
260.42
260.42
260.41
260.40
260.40
260.39
260.39
260.38
260.38
260.37
260.36
260.36
260.35
260.35
260.34
260.34
260.33
260.33
260.32
260.32
260.31
260.31
260.30
260.30
260.29
260.29
260.29
260.28
260.28
260.27
260.27
260.26
260.26
260.26
260.25
260.25
260.25
260.24
260.24
260.24
260.23
260.23
260.23
260.22
260.22
260.22
260.22
260.21
260.21
260.21
260.21
260.20
260.20
260.20
260.20
260.20
260.20
260.20
260.20
260.19
260.19
260.19
260.19
260.19
260.19
260.19
260.19
260.19
260.19
260.19
260.19
260.19
260.19
260.19
260.19
260.19
260.19
260.19
260.19
260.19
260.19
260.20
260.20
260.20
260.20
260.20
260.20
260.20
260.20
260.20
260.20
260.20
260.20
260.20
260.20
260.20
260.20
260.20
260.20
260.21
260.21
260.21
260.21
260.21
260.21
260.21
260.21
260.20
260.20
260.20
260.20
260.20
260.20
260.20
260.20
260.20
260.20
260.20
260.19
260.19
260.19
260.19
260.19
260.19
260.18
260.18
260.18
260.18
260.17
260.17
260.17
260.17
260.16
260.16
260.16
260.15
260.15
260.15
260.14
260.14
260.14
260.13
260.13
260.13
260.12
260.12
260.11
260.11
260.11
260.10
260.10
260.09
260.09
260.08
260.08
260.08
260.07
260.07
260.06
260.06
260.05
260.05
260.05
260.04
260.04
260.03
260.03
260.02
260.02
260.01
260.01
260.00
260.00
259.99
259.99
259.99
259.98
259.98
259.97
259.97
259.96
259.96
259.95
259.95
259.94
259.94
259.94
259.93
259.93
259.92
259.92
259.91
259.91
259.90
259.90
259.90
259.89
259.89
259.88
259.88
259.88
259.87
259.87
259.87
259.86
259.86
259.85
259.85
259.85
259.84
259.84
259.84
259.84
259.83
259.83
259.83
259.82
259.82
259.82
259.82
259.81
259.81
259.81
259.81
259.81
259.80
259.80
259.80
259.80
259.80
259.80
259.80
259.80
259.79
259.79
259.79
259.79
259.79
259.79
259.79
259.79
259.79
259.79
259.79
259.79
259.79
259.79
259.79
259.79
259.79
259.79
259.79
259.79
259.80
259.80
259.80
259.80
259.80
259.80
259.80
259.80
259.80
259.80
259.80
259.80
259.81
259.81
259.81
259.81
259.81
259.81
259.81
259.81
259.81
259.82
259.82
259.82
259.82
259.82
259.82
259.82
259.82
259.82
259.82
259.83
259.83
259.83
259.83
259.83
259.83
259.83
259.83
259.83
259.83
259.83
259.83
259.83
259.83
259.83
259.83
259.83
259.83
259.83
259.83
259.83
259.83
259.83
259.83
259.83
259.83
259.83
259.82
259.82
259.82
259.82
259.82
259.82
259.81
259.81
259.81
259.81
259.81
259.80
259.80
259.80
259.79
259.79
259.79
259.78
259.78
259.78
259.77
259.77
259.76
259.76
259.76
259.75
259.75
259.74
259.74
259.73
259.73
259.72
259.72
259.71
259.71
259.70
259.70
259.69
259.69
259.68
259.68
259.67
259.67
259.66
259.65
259.65
259.64
259.64
259.63
259.63
259.62
259.61
259.61
259.60
259.60
259.59
259.59
259.58
259.57
259.57
259.56
259.56
259.55
259.55
259.54
259.53
259.53
259.52
259.52
259.51
259.51
259.50
259.50
259.49
259.49
259.48
259.48
259.47
259.47
259.47
259.46
259.46
259.45
259.45
259.45
259.44
259.44
259.43
259.43
259.43
259.42
259.42
259.42
259.42
259.41
259.41
259.41
259.41
259.41
259.40
259.40
259.40
259.40
259.40
259.40
259.40
259.40
259.40
259.40
259.40
259.40
259.40
259.40
259.40
259.40
259.40
259.40
259.40
259.41
259.41
259.41
259.41
259.41
259.42
259.42
259.42
259.42
259.43
259.43
259.43
259.44
259.44
259.44
259.45
259.45
259.45
259.46
259.46
259.47
259.47
259.47
259.48
259.48
259.49
259.49
259.50
259.50
259.51
259.51
259.51
259.52
259.52
259.53
259.53
259.54
259.55
259.55
259.56
259.56
259.57
259.57
259.58
259.58
259.59
259.59
259.60
259.60
259.61
259.62
259.62
259.63
259.63
259.64
259.64
259.65
259.66
259.66
259.67
259.67
259.68
259.68
259.69
259.69
259.70
259.71
259.71
259.72
259.72
259.73
259.73
259.74
259.74
259.75
259.75
259.76
259.76
259.77
259.77
259.78
259.78
259.79
259.79
259.80
259.80
259.80
259.81
259.81
259.82
259.82
259.82
259.83
259.83
259.84
259.84
259.84
259.85
259.85
259.85
259.86
259.86
259.86
259.87
259.87
259.87
259.88
259.88
259.88
259.88
259.89
259.89
259.89
259.89
259.90
259.90
259.90
259.90
259.91
259.91
259.91
259.91
259.92
259.92
259.92
259.92
259.92
259.93
259.93
259.93
259.93
259.93
259.94
259.94
259.94
259.94
259.94
259.95
259.95
259.95
259.95
259.95
259.95
259.96
259.96
259.96
259.96
259.96
259.96
259.97
259.97
259.97
259.97
259.97
259.97
259.98
259.98
259.98
259.98
259.98
259.99
259.99
259.99
259.99
259.99
259.99
260.00
260.00
260.00
260.00
260.00
260.01
260.01
260.01
260.01
260.01
260.02
260.02
260.02
260.02
260.02
260.03
260.03
260.03
260.03
260.03
260.04
260.04
260.04
260.04
260.04
260.05
260.05
260.05
260.05
260.05
260.06
260.06
260.06
260.06
260.06
260.06
260.07
260.07
260.07
260.07
260.07
260.07
260.07
260.08
260.08
260.08
260.08
260.08
260.08
260.08
260.08
260.08
260.08
260.08
260.08
260.08
260.08
260.08
260.08
260.08
260.08
260.08
260.08
260.08
260.08
260.08
260.08
260.08
260.08
260.08
260.08
260.08
260.07
260.07
260.07
260.07
260.07
260.07
260.06
260.06
260.06
260.06
260.05
260.05
260.05
260.04
260.04
260.04
260.03
260.03
260.03
260.02
260.02
260.01
260.01
260.00
260.00
259.99
259.99
259.98
259.98
259.97
259.97
259.96
259.96
259.95
259.94
259.94
259.93
259.92
259.92
259.91
259.90
259.89
259.89
259.88
259.87
259.86
259.86
259.85
259.84
259.83
259.83
259.82
259.81
259.80
259.79
259.79
259.78
259.77
259.76
259.75
259.75
259.74
259.73
259.72
259.71
259.70
259.70
259.69
259.68
259.67
259.66
259.66
259.65
259.64
259.63
259.62
259.62
259.61
259.60
259.59
259.59
259.58
259.57
259.56
259.56
259.55
259.54
259.53
259.53
259.52
259.51
259.51
259.50
259.50
259.49
259.48
259.48
259.47
259.47
259.46
259.46
259.45
259.45
259.44
259.44
259.43
259.43
259.43
259.42
259.42
259.42
259.41
259.41
259.41
259.41
259.40
259.40
259.40
259.40
259.40
259.40
259.40
259.40
259.40
259.40
259.40
259.40
259.40
259.40
259.40
259.40
259.40
259.40
259.41
259.41
259.41
259.41
259.41
259.42
259.42
259.42
259.43
259.43
259.43
259.44
259.44
259.45
259.45
259.45
259.46
259.46
259.47
259.47
259.48
259.48
259.49
259.49
259.50
259.50
259.51
259.52
259.52
259.53
259.53
259.54
259.55
259.55
259.56
259.56
259.57
259.58
259.58
259.59
259.60
259.60
259.61
259.62
259.62
259.63
259.64
259.64
259.65
259.66
259.67
259.67
259.68
259.69
259.69
259.70
259.71
259.71
259.72
259.73
259.73
259.74
259.75
259.75
259.76
259.77
259.77
259.78
259.79
259.79
259.80
259.81
259.81
259.82
259.82
259.83
259.84
259.84
259.85
259.85
259.86
259.87
259.87
259.88
259.88
259.89
259.89
259.90
259.90
259.91
259.92
259.92
259.93
259.93
259.94
259.94
259.95
259.95
259.96
259.96
259.97
259.97
259.98
259.98
259.98
259.99
259.99
260.00
260.00
260.01
260.01
260.02
260.02
260.03
260.03
260.04
260.04
260.04
260.05
260.05
260.06
260.06
260.07
260.07
260.07
260.08
260.08
260.09
260.09
260.10
260.10
260.10
260.11
260.11
260.12
260.12
260.13
260.13
260.13
260.14
260.14
260.15
260.15
260.16
260.16
260.17
260.17
260.17
260.18
260.18
260.19
260.19
260.20
260.20
260.20
260.21
260.21
260.22
260.22
260.23
260.23
260.24
260.24
260.25
260.25
260.26
260.26
260.27
260.27
260.28
260.28
260.29
260.29
260.30
260.30
260.31
260.31
260.32
260.32
260.33
260.33
260.34
260.34
260.35
260.35
260.36
260.36
260.37
260.38
260.38
260.39
260.39
260.40
260.41
260.41
260.42
260.42
260.43
260.44
260.44
260.45
260.46
260.46
260.47
260.48
260.48
260.49
260.50
260.50
260.51
260.51
260.52
260.53
260.53
260.54
260.55
260.55
260.56
260.57
260.57
260.58
260.59
260.59
260.60
260.61
260.61
260.62
260.62
260.63
260.64
260.64
260.65
260.65
260.66
260.67
260.67
260.68
260.68
260.69
260.69
260.70
260.70
260.71
260.71
260.72
260.72
260.73
260.73
260.74
260.74
260.74
260.75
260.75
260.76
260.76
260.76
260.77
260.77
260.77
260.78
260.78
260.78
260.78
260.79
260.79
260.79
260.79
260.79
260.80
260.80
260.80
260.80
260.80
260.80
260.80
260.80
260.80
260.80
260.80
260.80
260.80
260.80
260.80
260.79
260.79
260.79
260.79
260.79
260.78
260.78
260.78
260.78
260.77
260.77
260.77
260.76
260.76
260.76
260.75
260.75
260.74
260.74
260.74
260.73
260.73
260.72
260.72
260.71
260.71
260.70
260.70
260.69
260.69
260.68
260.68
260.67
260.66
260.66
260.65
260.65
260.64
260.64
260.63
260.62
260.62
260.61
260.61
260.60
260.59
260.59
260.58
260.58
260.57
260.56
260.56
260.55
260.55
260.54
260.53
260.53
260.52
260.52
260.51
260.50
260.50
260.49
260.49
260.48
260.48
260.47
260.46
260.46
260.45
260.45
260.44
260.44
260.43
260.43
260.42
260.42
260.41
260.41
260.40
260.40
260.40
260.39
260.39
260.38
260.38
260.38
260.37
260.37
260.37
260.36
260.36
260.36
260.35
260.35
260.35
260.34
260.34
260.34
260.34
260.33
260.33
260.33
260.33
260.33
260.32
260.32
260.32
260.32
260.32
260.32
260.31
260.31
260.31
260.31
260.31
260.31
260.31
260.31
260.31
260.31
260.31
260.31
260.31
260.31
260.31
260.31
260.31
260.31
260.31
260.31
260.31
260.31
260.31
260.31
260.31
260.31
260.31
260.31
260.31
260.31
260.31
260.31
260.31
260.32
260.32
260.32
260.32
260.32
260.32
260.32
260.33
260.33
260.33
260.33
260.33
260.33
260.34
260.34
260.34
260.34
260.34
260.35
260.35
260.35
260.35
260.35
260.36
260.36
260.36
260.36
260.37
260.37
260.37
260.37
260.38
260.38
260.38
260.39
260.39
260.39
260.39
260.40
260.40
260.40
260.41
260.41
260.41
260.42
260.42
260.42
260.42
260.43
260.43
260.43
260.44
260.44
260.44
260.45
260.45
260.45
260.46
260.46
260.46
260.47
260.47
260.47
260.48
260.48
260.48
260.49
260.49
260.50
260.50
260.50
260.51
260.51
260.51
260.52
260.52
260.52
260.53
260.53
260.53
260.54
260.54
260.55
260.55
260.55
260.56
260.56
260.56
260.57
260.57
260.57
260.58
260.58
260.59
260.59
260.59
260.60
260.60
260.60
260.61
260.61
260.61
260.62
260.62
260.63
260.63
260.63
260.64
260.64
260.64
260.65
260.65
260.65
260.66
260.66
260.66
260.67
260.67
260.67
260.68
260.68
260.68
260.69
260.69
260.69
260.70
260.70
260.70
260.71
260.71
260.71
260.72
260.72
260.72
260.73
260.73
260.73
260.73
260.74
260.74
260.74
260.75
260.75
260.75
260.75
260.76
260.76
260.76
260.76
260.77
260.77
260.77
260.77
260.78
260.78
260.78
260.78
260.79
260.79
260.79
260.79
260.79
260.80
260.80
260.80
260.80
260.80
260.81
260.81
260.81
260.81
260.81
260.81
260.81
260.82
260.82
260.82
260.82
260.82
260.82
260.82
260.82
260.83
260.83
260.83
260.83
260.83
260.83
260.83
260.83
260.83
260.83
260.83
260.83
260.83
260.83
260.83
260.83
260.83
260.83
260.83
260.83
260.83
260.83
260.83
260.82
260.82
260.82
260.82
260.82
260.82
260.82
260.82
260.81
260.81
260.81
260.81
260.81
260.80
260.80
260.80
260.80
260.79
260.79
260.79
260.79
260.78
260.78
260.78
260.77
260.77
260.76
260.76
260.76
260.75
260.75
260.74
260.74
260.74
260.73
260.73
260.72
260.72
260.71
260.71
260.70
260.69
260.69
260.68
260.68
260.67
260.66
260.66
260.65
260.64
260.64
260.63
260.62
260.62
260.61
260.60
260.59
260.58
260.58
260.57
260.56
260.55
260.54
260.53
260.52
260.52
260.51
260.50
260.49
260.48
260.47
260.46
260.45
260.44
260.43
260.42
260.41
260.40
260.39
260.38
260.37
260.36
260.35
260.34
260.33
260.32
260.31
260.30
260.29
260.28
260.28
260.27
260.26
260.25
260.24
260.23
260.22
260.21
260.20
260.19
260.18
260.17
260.16
260.16
260.15
260.14
260.13
260.12
260.12
260.11
260.10
260.09
260.09
260.08
260.07
260.06
260.06
260.05
260.05
260.04
260.03
260.03
260.02
260.02
260.01
260.01
260.00
260.00
260.00
259.99
259.99
259.99
259.98
259.98
259.98
259.98
259.97
259.97
259.97
259.97
259.97
259.97
259.97
259.97
259.97
259.97
259.97
259.97
259.97
259.97
259.97
259.97
259.98
259.98
259.98
259.98
259.98
259.99
259.99
259.99
260.00
260.00
260.00
260.01
260.01
260.02
260.02
260.02
260.03
260.03
260.04
260.04
260.05
260.05
260.06
260.06
260.07
260.08
260.08
260.09
260.09
260.10
260.11
260.11
260.12
260.13
260.14
260.14
260.15
260.16
260.16
260.17
260.18
260.19
260.20
260.20
260.21
260.22
260.23
260.24
260.24
260.25
260.26
260.27
260.28
260.29
260.30
260.31
260.31
260.32
260.33
260.34
260.35
260.36
260.37
260.38
260.39
260.40
260.41
260.42
260.43
260.44
260.45
260.45
260.46
260.47
260.48
260.49
260.50
260.51
260.52
260.53
260.54
260.55
260.56
260.57
260.58
260.59
260.60
260.61
260.62
260.63
260.64
260.65
260.66
260.67
260.68
260.69
260.70
260.71
260.71
260.72
260.73
260.74
260.75
260.76
260.77
260.78
260.79
260.80
260.81
260.82
260.82
260.83
260.84
260.85
260.86
260.87
260.88
260.89
260.89
260.90
260.91
260.92
260.93
260.94
260.94
260.95
260.96
260.97
260.97
260.98
260.99
261.00
261.01
261.01
261.02
261.03
261.03
261.04
261.05
261.05
261.06
261.07
261.07
261.08
261.09
261.09
261.10
261.11
261.11
261.12
261.12
261.13
261.13
261.14
261.15
261.15
261.16
261.16
261.17
261.17
261.18
261.18
261.18
261.19
261.19
261.20
261.20
261.20
261.21
261.21
261.21
261.22
261.22
261.22
261.23
261.23
261.23
261.23
261.24
261.24
261.24
261.24
261.24
261.25
261.25
261.25
261.25
261.25
261.25
261.25
261.26
261.26
261.26
261.26
261.26
261.26
261.26
261.26
261.26
261.26
261.26
261.26
261.26
261.26
261.26
261.26
261.26
261.26
261.26
261.26
261.26
261.26
261.26
261.26
261.26
261.26
261.26
261.26
261.25
261.25
261.25
261.25
261.25
261.25
261.25
261.25
261.25
261.24
261.24
261.24
261.24
261.24
261.24
261.24
261.24
261.23
261.23
261.23
261.23
261.23
261.23
261.22
261.22
261.22
261.22
261.22
261.22
261.22
261.21
261.21
261.21
261.21
261.21
261.21
261.20
261.20
261.20
261.20
261.20
261.20
261.20
261.19
261.19
261.19
261.19
261.19
261.19
261.19
261.18
261.18
261.18
261.18
261.18
261.18
261.18
261.18
261.18
261.17
261.17
261.17
261.17
261.17
261.17
261.17
261.17
261.17
261.17
261.17
261.17
261.16
261.16
261.16
261.16
261.16
261.16
261.16
261.16
261.16
261.16
261.16
261.16
261.16
261.16
261.16
261.16
261.16
261.16
261.16
261.16
261.16
261.16
261.16
261.16
261.16
261.16
261.16
261.16
261.16
261.17
261.17
261.17
261.17
261.17
261.17
261.17
261.17
261.17
261.17
261.18
261.18
261.18
261.18
261.18
261.18
261.19
261.19
261.19
261.19
261.19
261.20
261.20
261.20
261.20
261.20
261.21
261.21
261.21
261.21
261.22
261.22
261.22
261.23
261.23
261.23
261.23
261.24
261.24
261.24
261.25
261.25
261.26
261.26
261.26
261.27
261.27
261.27
261.28
261.28
261.29
261.29
261.30
261.30
261.31
261.31
261.32
261.32
261.33
261.33
261.34
261.34
261.35
261.35
261.36
261.36
261.37
261.38
261.38
261.39
261.39
261.40
261.41
261.41
261.42
261.43
261.43
261.44
261.45
261.45
261.46
261.47
261.48
261.48
261.49
261.50
261.51
261.52
261.53
261.53
261.54
261.55
261.56
261.57
261.58
261.59
261.60
261.61
261.62
261.63
261.64
261.65
261.66
261.67
261.68
261.69
261.71
261.72
261.73
261.74
261.76
261.77
261.78
261.79
261.81
261.82
261.83
261.85
261.86
261.88
261.89
261.91
261.92
261.94
261.95
261.97
261.99
262.00
262.02
262.04
262.05
262.07
262.09
262.11
262.13
262.15
262.16
262.18
262.20
262.22
262.24
262.26
262.29
262.31
262.33
262.35
262.37
262.39
262.42
262.44
262.46
262.49
262.51
262.54
262.56
262.59
262.61
262.64
262.66
262.69
262.72
262.74
262.77
262.80
262.83
262.86
262.89
262.92
262.95
262.98
263.01
263.04
263.07
263.10
263.13
263.16
263.19
263.22
263.25
263.28
263.31
263.35
263.38
263.41
263.44
263.47
263.50
263.53
263.56
263.59
263.62
263.65
263.68
263.71
263.74
263.77
263.79
263.82
263.85
263.87
263.90
263.93
263.95
263.98
264.00
264.02
264.05
264.07
264.09
264.11
264.13
264.15
264.17
264.19
264.21
264.23
264.24
264.26
264.28
264.29
264.31
264.32
264.34
264.35
264.36
264.38
264.39
264.40
264.41
264.42
264.43
264.44
264.45
264.46
264.47
264.48
264.49
264.49
264.50
264.51
264.51
264.52
264.52
264.53
264.53
264.54
264.54
264.55
264.55
264.55
264.55
264.56
264.56
264.56
264.56
264.56
264.56
264.56
264.56
264.56
264.56
264.56
264.56
264.56
264.55
264.55
264.55
264.55
264.54
264.54
264.54
264.53
264.53
264.53
264.52
264.52
264.51
264.51
264.50
264.50
264.49
264.49
264.48
264.48
264.47
264.46
264.46
264.45
264.44
264.44
264.43
264.42
264.42
264.41
264.40
264.39
264.39
264.38
264.37
264.36
264.35
264.35
264.34
264.33
264.32
264.31
264.31
264.30
264.29
264.28
264.27
264.26
264.26
264.25
264.24
264.23
264.22
264.21
264.21
264.20
264.19
264.18
264.17
264.16
264.16
264.15
264.14
264.13
264.13
264.12
264.11
264.10
264.10
264.09
264.08
264.07
264.07
264.06
264.05
264.05
264.04
264.03
264.03
264.02
264.02
264.01
264.01
264.00
263.99
263.99
263.99
263.98
263.98
263.97
263.97
263.96
263.96
263.96
263.95
263.95
263.95
263.95
263.94
263.94
263.94
263.94
263.94
263.93
263.93
263.93
263.93
263.93
263.93
263.93
263.93
263.93
263.93
263.93
263.93
263.93
263.93
263.93
263.93
263.93
263.93
263.93
263.93
263.93
263.93
263.94
263.94
263.94
263.94
263.94
263.95
263.95
263.95
263.95
263.96
263.96
263.96
263.97
263.97
263.97
263.98
263.98
263.99
263.99
263.99
264.00
264.00
264.01
264.01
264.02
264.02
264.03
264.03
264.04
264.04
264.05
264.05
264.06
264.06
264.07
264.08
264.08
264.09
264.10
264.10
264.11
264.11
264.12
264.13
264.13
264.14
264.15
264.16
264.16
264.17
264.18
264.19
264.19
264.20
264.21
264.22
264.22
264.23
264.24
264.25
264.26
264.26
264.27
264.28
264.29
264.30
264.31
264.31
264.32
264.33
264.34
264.35
264.36
264.37
264.38
264.39
264.40
264.40
264.41
264.42
264.43
264.44
264.45
264.46
264.47
264.48
264.49
264.50
264.51
264.52
264.53
264.54
264.55
264.56
264.57
264.58
264.59
264.60
264.61
264.62
264.63
264.64
264.65
264.66
264.67
264.68
264.69
264.70
264.71
264.72
264.73
264.74
264.75
264.77
264.78
264.79
264.80
264.81
264.82
264.83
264.84
264.85
264.86
264.87
264.88
264.89
264.90
264.91
264.92
264.93
264.94
264.95
264.96
264.97
264.98
264.99
265.00
265.01
265.02
265.03
265.04
265.05
265.06
265.07
265.08
265.09
265.10
265.11
265.12
265.13
265.14
265.15
265.16
265.17
265.18
265.19
265.20
265.21
265.22
265.23
265.24
265.25
265.25
265.26
265.27
265.28
265.29
265.30
265.31
265.31
265.32
265.33
265.34
265.35
265.36
265.36
265.37
265.38
265.39
265.39
265.40
265.41
265.42
265.42
265.43
265.44
265.44
265.45
265.46
265.46
265.47
265.48
265.48
265.49
265.49
265.50
265.51
265.51
265.52
265.52
265.53
265.53
265.54
265.54
265.55
265.55
265.56
265.56
265.57
265.57
265.57
265.58
265.58
265.58
265.59
265.59
265.59
265.60
265.60
265.60
265.61
265.61
265.61
265.61
265.61
265.62
265.62
265.62
265.62
265.62
265.62
265.62
265.62
265.62
265.62
265.62
265.62
265.62
265.62
265.62
265.62
265.62
265.62
265.62
265.62
265.61
265.61
265.61
265.61
265.61
265.60
265.60
265.60
265.59
265.59
265.59
265.58
265.58
265.57
265.57
265.57
265.56
265.56
265.55
265.55
265.54
265.54
265.53
265.53
265.52
265.51
265.51
265.50
265.50
265.49
265.48
265.48
265.47
265.47
265.46
265.45
265.45
265.44
265.43
265.43
265.42
265.41
265.41
265.40
265.40
265.39
265.38
265.38
265.37
265.36
265.36
265.35
265.34
265.34
265.33
265.33
265.32
265.31
265.31
265.30
265.30
265.29
265.29
265.28
265.28
265.27
265.27
265.26
265.26
265.25
265.25
265.24
265.24
265.24
265.23
265.23
265.22
265.22
265.22
265.22
265.21
265.21
265.21
265.21
265.20
265.20
265.20
265.20
265.20
265.20
265.20
265.20
265.20
265.20
265.20
265.20
265.20
265.21
265.21
265.21
265.21
265.21
265.22
265.22
265.22
265.23
265.23
265.24
265.24
265.24
265.25
265.25
265.26
265.26
265.27
265.27
265.28
265.29
265.29
265.30
265.31
265.31
265.32
265.33
265.33
265.34
265.35
265.36
265.36
265.37
265.38
265.39
265.40
265.40
265.41
265.42
265.43
265.44
265.45
265.46
265.46
265.47
265.48
265.49
265.50
265.51
265.52
265.53
265.54
265.55
265.56
265.57
265.58
265.59
265.60
265.61
265.62
265.63
265.64
265.65
265.66
265.67
265.68
265.69
265.70
265.71
265.72
265.73
265.74
265.75
265.76
265.77
265.78
265.78
265.79
265.80
265.81
265.82
265.83
265.84
265.85
265.86
265.87
265.88
265.89
265.90
265.90
265.91
265.92
265.93
265.94
265.95
265.95
265.96
265.97
265.98
265.99
265.99
266.00
266.01
266.01
266.02
266.03
266.03
266.04
266.05
266.05
266.06
266.06
266.07
266.08
266.08
266.09
266.09
266.10
266.10
266.11
266.11
266.12
266.12
266.13
266.13
266.14
266.14
266.14
266.15
266.15
266.16
266.16
266.16
266.17
266.17
266.18
266.18
266.18
266.19
266.19
266.19
266.20
266.20
266.20
266.21
266.21
266.21
266.22
266.22
266.22
266.23
266.23
266.23
266.23
266.24
266.24
266.24
266.25
266.25
266.25
266.26
266.26
266.26
266.27
266.27
266.27
266.28
266.28
266.28
266.28
266.29
266.29
266.29
266.30
266.30
266.31
266.31
266.31
266.32
266.32
266.32
266.33
266.33
266.34
266.34
266.34
266.35
266.35
266.36
266.36
266.37
266.37
266.37
266.38
266.38
266.39
266.39
266.40
266.41
266.41
266.42
266.42
266.43
266.43
266.44
266.45
266.45
266.46
266.46
266.47
266.48
266.48
266.49
266.50
266.50
266.51
266.52
266.53
266.53
266.54
266.55
266.55
266.56
266.57
266.58
266.58
266.59
266.60
266.61
266.61
266.62
266.63
266.64
266.65
266.65
266.66
266.67
266.68
266.69
266.69
266.70
266.71
266.72
266.73
266.73
266.74
266.75
266.76
266.77
266.77
266.78
266.79
266.80
266.81
266.82
266.82
266.83
266.84
266.85
266.86
266.86
266.87
266.88
266.89
266.90
266.90
266.91
266.92
266.93
266.94
266.94
266.95
266.96
266.97
266.97
266.98
266.99
267.00
267.00
267.01
267.02
267.03
267.03
267.04
267.05
267.05
267.06
267.07
267.07
267.08
267.09
267.09
267.10
267.11
267.11
267.12
267.12
267.13
267.14
267.14
267.15
267.15
267.16
267.16
267.17
267.17
267.18
267.18
267.19
267.19
267.20
267.20
267.20
267.21
267.21
267.22
267.22
267.22
267.23
267.23
267.23
267.24
267.24
267.24
267.25
267.25
267.25
267.25
267.26
267.26
267.26
267.26
267.27
267.27
267.27
267.27
267.28
267.28
267.28
267.28
267.29
267.29
267.29
267.29
267.29
267.30
267.30
267.30
267.30
267.31
267.31
267.31
267.31
267.32
267.32
267.32
267.32
267.33
267.33
267.33
267.33
267.34
267.34
267.34
267.35
267.35
267.35
267.36
267.36
267.37
267.37
267.37
267.38
267.38
267.39
267.39
267.40
267.40
267.40
267.41
267.42
267.42
267.43
267.43
267.44
267.44
267.45
267.46
267.46
267.47
267.48
267.48
267.49
267.50
267.50
267.51
267.52
267.52
267.53
267.54
267.55
267.56
267.56
267.57
267.58
267.59
267.60
267.60
267.61
267.62
267.63
267.64
267.65
267.66
267.67
267.67
267.68
267.69
267.70
267.71
267.72
267.73
267.74
267.75
267.76
267.77
267.78
267.79
267.80
267.81
267.82
267.83
267.84
267.85
267.86
267.87
267.88
267.89
267.90
267.91
267.92
267.93
267.94
267.95
267.96
267.97
267.98
267.99
268.00
268.01
268.02
268.03
268.04
268.06
268.07
268.08
268.09
268.10
268.11
268.12
268.13
268.14
268.15
268.16
268.17
268.18
268.19
268.20
268.21
268.22
268.23
268.24
268.25
268.26
268.27
268.28
268.29
268.30
268.31
268.32
268.33
268.34
268.35
268.36
268.37
268.38
268.39
268.40
268.41
268.42
268.43
268.44
268.45
268.46
268.47
268.48
268.48
268.49
268.50
268.51
268.52
268.53
268.54
268.55
268.56
268.57
268.58
268.59
268.60
268.61
268.62
268.62
268.63
268.64
268.65
268.66
268.67
268.68
268.69
268.70
268.71
268.72
268.73
268.73
268.74
268.75
268.76
268.77
268.78
268.79
268.80
268.81
268.82
268.82
268.83
268.84
268.85
268.86
268.87
268.88
268.89
268.90
268.90
268.91
268.92
268.93
268.94
268.95
268.96
268.97
268.98
268.99
268.99
269.00
269.01
269.02
269.03
269.04
269.05
269.06
269.07
269.07
269.08
269.09
269.10
269.11
269.12
269.13
269.14
269.15
269.15
269.16
269.17
269.18
269.19
269.20
269.21
269.22
269.23
269.24
269.24
269.25
269.26
269.27
269.28
269.29
269.30
269.31
269.32
269.33
269.34
269.34
269.35
269.36
269.37
269.38
269.39
269.40
269.41
269.42
269.43
269.44
269.45
269.46
269.47
269.47
269.48
269.49
269.50
269.51
269.52
269.53
269.54
269.55
269.56
269.57
269.58
269.59
269.60
269.61
269.61
269.62
269.63
269.64
269.65
269.66
269.67
269.68
269.69
269.70
269.71
269.71
269.72
269.73
269.74
269.75
269.76
269.77
269.78
269.79
269.79
269.80
269.81
269.82
269.83
269.84
269.85
269.85
269.86
269.87
269.88
269.89
269.89
269.90
269.91
269.92
269.93
269.93
269.94
269.95
269.96
269.96
269.97
269.98
269.99
269.99
270.00
270.01
270.01
270.02
270.03
270.03
270.04
270.05
270.05
270.06
270.07
270.07
270.08
270.08
270.09
270.10
270.10
270.11
270.11
270.12
270.12
270.13
270.13
270.14
270.14
270.15
270.15
270.16
270.16
270.16
270.17
270.17
270.18
270.18
270.18
270.19
270.19
270.19
270.20
270.20
270.20
270.21
270.21
270.21
270.21
270.21
270.22
270.22
270.22
270.22
270.22
270.23
270.23
270.23
270.23
270.23
270.23
270.23
270.23
270.23
270.23
270.23
270.23
270.23
270.23
270.23
270.23
270.23
270.23
270.23
270.23
270.23
270.23
270.23
270.23
270.23
270.23
270.23
270.23
270.23
270.23
270.23
270.23
270.23
270.22
270.22
270.22
270.22
270.22
270.22
270.22
270.22
270.21
270.21
270.21
270.21
270.21
270.21
270.21
270.20
270.20
270.20
270.20
270.20
270.20
270.20
270.19
270.19
270.19
270.19
270.19
270.19
270.19
270.18
270.18
270.18
270.18
270.18
270.18
270.17
270.17
270.17
270.17
270.17
270.17
270.17
270.17
270.16
270.16
270.16
270.16
270.16
270.16
270.16
270.15
270.15
270.15
270.15
270.15
270.15
270.15
270.15
270.14
270.14
270.14
270.14
270.14
270.14
270.14
270.14
270.14
270.14
270.13
270.13
270.13
270.13
270.13
270.13
270.13
270.13
270.13
270.13
270.13
270.13
270.13
270.13
270.13
270.12
270.12
270.12
270.12
270.12
270.12
270.12
270.12
270.12
270.12
270.12
270.12
270.12
270.12
270.12
270.12
270.12
270.12
270.12
270.12
270.12
270.12
270.13
270.13
270.13
270.13
270.13
270.13
270.13
270.13
270.13
270.13
270.13
270.13
270.13
270.14
270.14
270.14
270.14
270.14
270.14
270.14
270.15
270.15
270.15
270.15
270.15
270.15
270.16
270.16
270.16
270.16
270.17
270.17
270.17
270.17
270.17
270.18
270.18
270.18
270.19
270.19
270.19
270.19
270.20
270.20
270.20
270.21
270.21
270.21
270.22
270.22
270.22
270.23
270.23
270.23
270.24
270.24
270.25
270.25
270.25
270.26
270.26
270.27
270.27
270.28
270.28
270.28
270.29
270.29
270.30
270.30
270.31
270.31
270.32
270.32
270.33
270.33
270.33
270.34
270.34
270.35
270.35
270.36
270.36
270.37
270.37
270.38
270.38
270.39
270.39
270.40
270.40
270.41
270.41
270.42
270.42
270.43
270.43
270.44
270.44
270.45
270.45
270.46
270.46
270.47
270.47
270.47
270.48
270.48
270.49
270.49
270.50
270.50
270.51
270.51
270.52
270.52
270.52
270.53
270.53
270.54
270.54
270.55
270.55
270.55
270.56
270.56
270.57
270.57
270.57
270.58
270.58
270.58
270.59
270.59
270.59
270.60
270.60
270.60
270.61
270.61
270.61
270.61
270.62
270.62
270.62
270.63
270.63
270.63
270.63
270.64
270.64
270.64
270.64
270.64
270.65
270.65
270.65
270.65
270.65
270.66
270.66
270.66
270.66
270.66
270.66
270.67
270.67
270.67
270.67
270.67
270.67
270.67
270.68
270.68
270.68
270.68
270.68
270.68
270.68
270.69
270.69
270.69
270.69
270.69
270.69
270.69
270.69
270.69
270.70
270.70
270.70
270.70
270.70
270.70
270.70
270.70
270.71
270.71
270.71
270.71
270.71
270.71
270.71
270.72
270.72
270.72
270.72
270.72
270.72
270.72
270.73
270.73
270.73
270.73
270.73
270.73
270.74
270.74
270.74
270.74
270.74
270.74
270.75
270.75
270.75
270.75
270.76
270.76
270.76
270.76
270.77
270.77
270.77
270.77
270.78
270.78
270.78
270.78
270.79
270.79
270.79
270.80
270.80
270.80
270.81
270.81
270.81
270.82
270.82
270.83
270.83
270.83
270.84
270.84
270.84
270.85
270.85
270.86
270.86
270.87
270.87
270.87
270.88
270.88
270.89
270.89
270.90
270.90
270.90
270.91
270.91
270.92
270.92
270.93
270.93
270.93
270.94
270.94
270.95
270.95
270.96
270.96
270.96
270.97
270.97
270.97
270.98
270.98
270.99
270.99
270.99
271.00
271.00
271.00
271.01
271.01
271.01
271.02
271.02
271.02
271.02
271.03
271.03
271.03
271.04
271.04
271.04
271.04
271.04
271.05
271.05
271.05
271.05
271.06
271.06
271.06
271.06
271.06
271.06
271.07
271.07
271.07
271.07
271.07
271.07
271.08
271.08
271.08
271.08
271.08
271.08
271.08
271.09
271.09
271.09
271.09
271.09
271.09
271.09
271.09
271.09
271.10
271.10
271.10
271.10
271.10
271.10
271.10
271.10
271.10
271.10
271.10
271.11
271.11
271.11
271.11
271.11
271.11
271.11
271.11
271.11
271.11
271.11
271.12
271.12
271.12
271.12
271.12
271.12
271.12
271.12
271.12
271.12
271.13
271.13
271.13
271.13
271.13
271.13
271.13
271.13
271.13
271.14
271.14
271.14
271.14
271.14
271.14
271.14
271.15
271.15
271.15
271.15
271.15
271.15
271.16
271.16
271.16
271.16
271.16
271.17
271.17
271.17
271.17
271.18
271.18
271.18
271.18
271.19
271.19
271.19
271.19
271.20
271.20
271.20
271.21
271.21
271.21
271.21
271.22
271.22
271.22
271.23
271.23
271.24
271.24
271.24
271.25
271.25
271.26
271.26
271.26
271.27
271.27
271.28
271.28
271.29
271.29
271.30
271.30
271.31
271.31
271.32
271.32
271.33
271.34
271.34
271.35
271.35
271.36
271.37
271.37
271.38
271.39
271.39
271.40
271.41
271.41
271.42
271.43
271.44
271.44
271.45
271.46
271.47
271.48
271.48
271.49
271.50
271.51
271.52
271.53
271.53
271.54
271.55
271.56
271.57
271.58
271.59
271.60
271.61
271.62
271.63
271.63
271.64
271.65
271.66
271.67
271.68
271.69
271.70
271.71
271.72
271.73
271.74
271.75
271.76
271.77
271.78
271.79
271.80
271.81
271.82
271.83
271.84
271.85
271.86
271.87
271.88
271.89
271.90
271.91
271.92
271.93
271.94
271.95
271.96
271.97
271.98
271.99
272.00
272.01
272.02
272.03
272.04
272.05
272.06
272.07
272.08
272.09
272.10
272.10
272.11
272.12
272.13
272.14
272.15
272.16
272.17
272.18
272.19
272.20
272.21
272.21
272.22
272.23
272.24
272.25
272.26
272.27
272.28
272.29
272.29
272.30
272.31
272.32
272.33
272.34
272.35
272.36
272.36
272.37
272.38
272.39
272.40
272.41
272.41
272.42
272.43
272.44
272.45
272.46
272.47
272.47
272.48
272.49
272.50
272.51
272.52
272.52
272.53
272.54
272.55
272.56
272.57
272.57
272.58
272.59
272.60
272.61
272.62
272.62
272.63
272.64
272.65
272.66
272.67
272.67
272.68
272.69
272.70
272.71
272.72
272.72
272.73
272.74
272.75
272.76
272.77
272.77
272.78
272.79
272.80
272.81
272.82
272.83
272.83
272.84
272.85
272.86
272.87
272.88
272.88
272.89
272.90
272.91
272.92
272.93
272.93
272.94
272.95
272.96
272.97
272.98
272.98
272.99
273.00
273.01
273.02
273.03
273.03
273.04
273.05
273.06
273.07
273.07
273.08
273.09
273.10
273.10
273.11
273.12
273.13
273.13
273.14
273.15
273.16
273.16
273.17
273.18
273.18
273.19
273.20
273.21
273.21
273.22
273.22
273.23
273.24
273.24
273.25
273.26
273.26
273.27
273.27
273.28
273.29
273.29
273.30
273.30
273.31
273.31
273.32
273.32
273.33
273.33
273.34
273.34
273.34
273.35
273.35
273.36
273.36
273.36
273.37
273.37
273.37
273.38
273.38
273.38
273.39
273.39
273.39
273.39
273.40
273.40
273.40
273.40
273.40
273.40
273.41
273.41
273.41
273.41
273.41
273.41
273.41
273.41
273.41
273.41
273.41
273.41
273.41
273.41
273.41
273.41
273.41
273.41
273.41
273.41
273.41
273.40
273.40
273.40
273.40
273.40
273.40
273.40
273.39
273.39
273.39
273.39
273.39
273.38
273.38
273.38
273.38
273.37
273.37
273.37
273.37
273.36
273.36
273.36
273.36
273.35
273.35
273.35
273.34
273.34
273.34
273.34
273.33
273.33
273.33
273.32
273.32
273.32
273.31
273.31
273.31
273.31
273.30
273.30
273.30
273.29
273.29
273.29
273.28
273.28
273.28
273.27
273.27
273.27
273.27
273.26
273.26
273.26
273.25
273.25
273.25
273.25
273.24
273.24
273.24
273.24
273.23
273.23
273.23
273.23
273.23
273.22
273.22
273.22
273.22
273.22
273.21
273.21
273.21
273.21
273.21
273.21
273.21
273.20
273.20
273.20
273.20
273.20
273.20
273.20
273.20
273.20
273.20
273.20
273.20
273.20
273.20
273.20
273.20
273.20
273.20
273.20
273.20
273.21
273.21
273.21
273.21
273.21
273.21
273.22
273.22
273.22
273.22
273.22
273.23
273.23
273.23
273.23
273.24
273.24
273.24
273.24
273.25
273.25
273.25
273.26
273.26
273.26
273.27
273.27
273.27
273.28
273.28
273.28
273.29
273.29
273.29
273.30
273.30
273.30
273.31
273.31
273.32
273.32
273.32
273.33
273.33
273.33
273.34
273.34
273.35
273.35
273.35
273.36
273.36
273.36
273.37
273.37
273.38
273.38
273.38
273.39
273.39
273.39
273.40
273.40
273.40
273.41
273.41
273.41
273.42
273.42
273.42
273.43
273.43
273.43
273.44
273.44
273.44
273.44
273.45
273.45
273.45
273.46
273.46
273.46
273.46
273.47
273.47
273.47
273.47
273.48
273.48
273.48
273.48
273.49
273.49
273.49
273.49
273.50
273.50
273.50
273.50
273.50
273.51
273.51
273.51
273.51
273.51
273.52
273.52
273.52
273.52
273.52
273.53
273.53
273.53
273.53
273.53
273.54
273.54
273.54
273.54
273.54
273.54
273.55
273.55
273.55
273.55
273.55
273.55
273.56
273.56
273.56
273.56
273.56
273.56
273.56
273.57
273.57
273.57
273.57
273.57
273.57
273.57
273.58
273.58
273.58
273.58
273.58
273.58
273.58
273.59
273.59
273.59
273.59
273.59
273.59
273.59
273.59
273.60
273.60
273.60
273.60
273.60
273.60
273.60
273.60
273.60
273.61
273.61
273.61
273.61
273.61
273.61
273.61
273.61
273.62
273.62
273.62
273.62
273.62
273.62
273.62
273.62
273.62
273.62
273.63
273.63
273.63
273.63
273.63
273.63
273.63
273.63
273.63
273.63
273.63
273.63
273.64
273.64
273.64
273.64
273.64
273.64
273.64
273.64
273.64
273.64
273.64
273.64
273.64
273.64
273.64
273.64
273.64
273.64
273.64
273.64
273.64
273.64
273.64
273.64
273.64
273.64
273.64
273.64
273.64
273.64
273.64
273.64
273.64
273.64
273.64
273.64
273.64
273.64
273.64
273.64
273.64
273.64
273.63
273.63
273.63
273.63
273.63
273.63
273.63
273.63
273.63
273.62
273.62
273.62
273.62
273.62
273.62
273.61
273.61
273.61
273.61
273.61
273.60
273.60
273.60
273.60
273.60
273.59
273.59
273.59
273.59
273.58
273.58
273.58
273.57
273.57
273.57
273.57
273.56
273.56
273.56
273.55
273.55
273.55
273.55
273.54
273.54
273.54
273.53
273.53
273.53
273.52
273.52
273.52
273.51
273.51
273.51
273.50
273.50
273.50
273.49
273.49
273.49
273.48
273.48
273.48
273.47
273.47
273.47
273.46
273.46
273.46
273.46
273.45
273.45
273.45
273.44
273.44
273.44
273.43
273.43
273.43
273.43
273.42
273.42
273.42
273.42
273.41
273.41
273.41
273.41
273.41
273.40
273.40
273.40
273.40
273.40
273.39
273.39
273.39
273.39
273.39
273.39
273.39
273.39
273.38
273.38
273.38
273.38
273.38
273.38
273.38
273.38
273.38
273.38
273.38
273.38
273.38
273.38
273.38
273.38
273.38
273.38
273.38
273.38
273.38
273.38
273.38
273.38
273.38
273.38
273.38
273.38
273.38
273.38
273.39
273.39
273.39
273.39
273.39
273.39
273.39
273.39
273.39
273.40
273.40
273.40
273.40
273.40
273.40
273.41
273.41
273.41
273.41
273.41
273.42
273.42
273.42
273.42
273.42
273.43
273.43
273.43
273.43
273.44
273.44
273.44
273.44
273.45
273.45
273.45
273.46
273.46
273.46
273.46
273.47
273.47
273.47
273.48
273.48
273.48
273.49
273.49
273.49
273.50
273.50
273.50
273.51
273.51
273.51
273.52
273.52
273.52
273.53
273.53
273.54
273.54
273.54
273.55
273.55
273.55
273.56
273.56
273.57
273.57
273.57
273.58
273.58
273.59
273.59
273.60
273.60
273.60
273.61
273.61
273.62
273.62
273.63
273.63
273.63
273.64
273.64
273.65
273.65
273.66
273.66
273.67
273.67
273.68
273.68
273.69
273.69
273.69
273.70
273.70
273.71
273.71
273.72
273.72
273.73
273.73
273.74
273.74
273.75
273.75
273.76
273.76
273.77
273.77
273.78
273.78
273.79
273.79
273.80
273.80
273.81
273.81
273.82
273.82
273.83
273.83
273.84
273.84
273.85
273.85
273.86
273.86
273.87
273.87
273.88
273.89
273.89
273.90
273.90
273.91
273.91
273.92
273.92
273.93
273.93
273.94
273.94
273.95
273.95
273.96
273.96
273.97
273.97
273.98
273.98
273.99
273.99
274.00
274.00
274.01
274.02
274.02
274.03
274.03
274.04
274.04
274.05
274.05
274.06
274.06
274.07
274.07
274.08
274.08
274.09
274.09
274.10
274.10
274.11
274.11
274.12
274.12
274.13
274.13
274.14
274.14
274.15
274.15
274.16
274.16
274.17
274.17
274.18
274.18
274.19
274.19
274.20
274.20
274.20
274.21
274.21
274.22
274.22
274.23
274.23
274.24
274.24
274.25
274.25
274.26
274.26
274.26
274.27
274.27
274.28
274.28
274.29
274.29
274.30
274.30
274.30
274.31
274.31
274.32
274.32
274.33
274.33
274.33
274.34
274.34
274.35
274.35
274.35
274.36
274.36
274.37
274.37
274.38
274.38
274.38
274.39
274.39
274.40
274.40
274.40
274.41
274.41
274.42
274.42
274.42
274.43
274.43
274.44
274.44
274.44
274.45
274.45
274.46
274.46
274.46
274.47
274.47
274.47
274.48
274.48
274.49
274.49
274.49
274.50
274.50
274.50
274.51
274.51
274.52
274.52
274.52
274.53
274.53
274.53
274.54
274.54
274.55
274.55
274.55
274.56
274.56
274.56
274.57
274.57
274.57
274.58
274.58
274.59
274.59
274.59
274.60
274.60
274.60
274.61
274.61
274.61
274.62
274.62
274.63
274.63
274.63
274.64
274.64
274.64
274.65
274.65
274.65
274.66
274.66
274.66
274.67
274.67
274.67
274.68
274.68
274.68
274.69
274.69
274.69
274.70
274.70
274.70
274.71
274.71
274.71
274.72
274.72
274.72
274.73
274.73
274.73
274.74
274.74
274.74
274.75
274.75
274.75
274.75
274.76
274.76
274.76
274.77
274.77
274.77
274.77
274.78
274.78
274.78
274.78
274.79
274.79
274.79
274.80
274.80
274.80
274.80
274.80
274.81
274.81
274.81
274.81
274.82
274.82
274.82
274.82
274.82
274.83
274.83
274.83
274.83
274.83
274.84
274.84
274.84
274.84
274.84
274.85
274.85
274.85
274.85
274.85
274.85
274.86
274.86
274.86
274.86
274.86
274.86
274.87
274.87
274.87
274.87
274.87
274.87
274.87
274.87
274.88
274.88
274.88
274.88
274.88
274.88
274.88
274.89
274.89
274.89
274.89
274.89
274.89
274.89
274.89
274.89
274.90
274.90
274.90
274.90
274.90
274.90
274.90
274.90
274.90
274.90
274.91
274.91
274.91
274.91
274.91
274.91
274.91
274.91
274.91
274.91
274.92
274.92
274.92
274.92
274.92
274.92
274.92
274.92
274.92
274.92
274.92
274.93
274.93
274.93
274.93
274.93
274.93
274.93
274.93
274.93
274.93
274.94
274.94
274.94
274.94
274.94
274.94
274.94
274.94
274.94
274.94
274.94
274.95
274.95
274.95
274.95
274.95
274.95
274.95
274.95
274.95
274.96
274.96
274.96
274.96
274.96
274.96
274.96
274.96
274.96
274.97
274.97
274.97
274.97
274.97
274.97
274.97
274.98
274.98
274.98
274.98
274.98
274.98
274.98
274.99
274.99
274.99
274.99
274.99
274.99
274.99
275.00
275.00
275.00
275.00
275.00
275.01
275.01
275.01
275.01
275.01
275.01
275.02
275.02
275.02
275.02
275.02
275.03
275.03
275.03
275.03
275.04
275.04
275.04
275.04
275.05
275.05
275.05
275.05
275.06
275.06
275.06
275.06
275.07
275.07
275.07
275.08
275.08
275.08
275.08
275.09
275.09
275.09
275.10
275.10
275.10
275.11
275.11
275.12
275.12
275.12
275.13
275.13
275.13
275.14
275.14
275.15
275.15
275.15
275.16
275.16
275.17
275.17
275.18
275.18
275.19
275.19
275.20
275.20
275.21
275.21
275.22
275.22
275.23
275.23
275.24
275.24
275.25
275.26
275.26
275.27
275.27
275.28
275.29
275.29
275.30
275.31
275.31
275.32
275.33
275.33
275.34
275.35
275.35
275.36
275.37
275.38
275.38
275.39
275.40
275.41
275.42
275.42
275.43
275.44
275.45
275.46
275.47
275.47
275.48
275.49
275.50
275.51
275.52
275.53
275.54
275.55
275.55
275.56
275.57
275.58
275.59
275.60
275.61
275.62
275.63
275.64
275.65
275.65
275.66
275.67
275.68
275.69
275.70
275.71
275.72
275.73
275.74
275.74
275.75
275.76
275.77
275.78
275.79
275.80
275.80
275.81
275.82
275.83
275.84
275.84
275.85
275.86
275.87
275.87
275.88
275.89
275.89
275.90
275.91
275.91
275.92
275.93
275.93
275.94
275.95
275.95
275.96
275.96
275.97
275.97
275.98
275.98
275.98
275.99
275.99
276.00
276.00
276.00
276.01
276.01
276.01
276.01
276.02
276.02
276.02
276.02
276.02
276.02
276.03
276.03
276.03
276.03
276.03
276.03
276.03
276.03
276.03
276.03
276.03
276.03
276.03
276.02
276.02
276.02
276.02
276.02
276.02
276.02
276.01
276.01
276.01
276.01
276.01
276.00
276.00
276.00
276.00
275.99
275.99
275.99
275.98
275.98
275.98
275.97
275.97
275.97
275.96
275.96
275.96
275.95
275.95
275.95
275.94
275.94
275.94
275.93
275.93
275.92
275.92
275.92
275.91
275.91
275.91
275.90
275.90
275.89
275.89
275.89
275.88
275.88
275.88
275.87
275.87
275.87
275.86
275.86
275.86
275.85
275.85
275.85
275.84
275.84
275.84
275.83
275.83
275.83
275.82
275.82
275.82
275.82
275.81
275.81
275.81
275.81
275.80
275.80
275.80
275.80
275.80
275.80
275.80
275.79
275.79
275.79
275.79
275.79
275.79
275.79
275.79
275.79
275.79
275.79
275.79
275.79
275.79
275.79
275.79
275.79
275.80
275.80
275.80
275.80
275.80
275.81
275.81
275.81
275.82
275.82
275.82
275.83
275.83
275.83
275.84
275.84
275.85
275.85
275.85
275.86
275.86
275.87
275.87
275.88
275.88
275.89
275.90
275.90
275.91
275.91
275.92
275.93
275.93
275.94
275.94
275.95
275.96
275.96
275.97
275.98
275.98
275.99
276.00
276.00
276.01
276.02
276.03
276.03
276.04
276.05
276.06
276.06
276.07
276.08
276.08
276.09
276.10
276.11
276.11
276.12
276.13
276.14
276.14
276.15
276.16
276.16
276.17
276.18
276.19
276.19
276.20
276.21
276.21
276.22
276.23
276.23
276.24
276.25
276.25
276.26
276.27
276.27
276.28
276.29
276.29
276.30
276.31
276.31
276.32
276.33
276.33
276.34
276.34
276.35
276.36
276.36
276.37
276.37
276.38
276.39
276.39
276.40
276.40
276.41
276.41
276.42
276.43
276.43
276.44
276.44
276.45
276.45
276.46
276.47
276.47
276.48
276.48
276.49
276.49
276.50
276.51
276.51
276.52
276.52
276.53
276.53
276.54
276.54
276.55
276.55
276.56
276.57
276.57
276.58
276.58
276.59
276.59
276.60
276.60
276.61
276.61
276.62
276.62
276.63
276.64
276.64
276.65
276.65
276.66
276.66
276.67
276.67
276.68
276.69
276.69
276.70
276.70
276.71
276.71
276.72
276.72
276.73
276.74
276.74
276.75
276.75
276.76
276.76
276.77
276.78
276.78
276.79
276.79
276.80
276.81
276.81
276.82
276.82
276.83
276.84
276.84
276.85
276.85
276.86
276.87
276.87
276.88
276.89
276.89
276.90
276.90
276.91
276.92
276.92
276.93
276.93
276.94
276.95
276.95
276.96
276.96
276.97
276.98
276.98
276.99
276.99
277.00
277.01
277.01
277.02
277.02
277.03
277.03
277.04
277.05
277.05
277.06
277.06
277.07
277.07
277.08
277.08
277.09
277.09
277.10
277.10
277.11
277.11
277.11
277.12
277.12
277.13
277.13
277.14
277.14
277.14
277.15
277.15
277.15
277.16
277.16
277.16
277.17
277.17
277.17
277.18
277.18
277.18
277.18
277.19
277.19
277.19
277.19
277.19
277.20
277.20
277.20
277.20
277.20
277.20
277.20
277.20
277.20
277.20
277.20
277.20
277.20
277.20
277.20
277.20
277.20
277.20
277.20
277.20
277.20
277.20
277.19
277.19
277.19
277.19
277.18
277.18
277.18
277.18
277.17
277.17
277.17
277.16
277.16
277.16
277.15
277.15
277.14
277.14
277.14
277.13
277.13
277.12
277.12
277.11
277.11
277.10
277.10
277.09
277.09
277.08
277.08
277.07
277.07
277.06
277.06
277.05
277.05
277.04
277.04
277.03
277.03
277.02
277.01
277.01
277.00
277.00
276.99
276.99
276.98
276.98
276.97
276.96
276.96
276.95
276.95
276.94
276.94
276.93
276.93
276.92
276.91
276.91
276.90
276.90
276.89
276.89
276.88
276.88
276.87
276.87
276.86
276.86
276.86
276.85
276.85
276.84
276.84
276.83
276.83
276.83
276.82
276.82
276.82
276.81
276.81
276.81
276.80
276.80
276.80
276.80
276.79
276.79
276.79
276.79
276.78
276.78
276.78
276.78
276.78
276.78
276.78
276.78
276.78
276.78
276.78
276.78
276.78
276.78
276.78
276.78
276.78
276.78
276.78
276.79
276.79
276.79
276.79
276.80
276.80
276.80
276.81
276.81
276.82
276.82
276.82
276.83
276.83
276.84
276.84
276.85
276.86
276.86
276.87
276.87
276.88
276.89
276.89
276.90
276.91
276.92
276.92
276.93
276.94
276.95
276.95
276.96
276.97
276.98
276.99
276.99
277.00
277.01
277.02
277.03
277.04
277.04
277.05
277.06
277.07
277.08
277.09
277.10
277.11
277.11
277.12
277.13
277.14
277.15
277.16
277.17
277.18
277.18
277.19
277.20
277.21
277.22
277.23
277.23
277.24
277.25
277.26
277.27
277.27
277.28
277.29
277.30
277.30
277.31
277.32
277.33
277.33
277.34
277.35
277.35
277.36
277.36
277.37
277.38
277.38
277.39
277.39
277.40
277.40
277.40
277.41
277.41
277.42
277.42
277.42
277.43
277.43
277.43
277.43
277.44
277.44
277.44
277.44
277.44
277.45
277.45
277.45
277.45
277.45
277.45
277.45
277.45
277.45
277.45
277.45
277.45
277.45
277.45
277.45
277.45
277.45
277.45
277.45
277.45
277.45
277.45
277.45
277.44
277.44
277.44
277.44
277.44
277.44
277.44
277.44
277.43
277.43
277.43
277.43
277.43
277.43
277.43
277.42
277.42
277.42
277.42
277.42
277.42
277.41
277.41
277.41
277.41
277.41
277.41
277.41
277.40
277.40
277.40
277.40
277.40
277.40
277.40
277.40
277.40
277.40
277.40
277.39
277.39
277.39
277.39
277.39
277.39
277.39
277.39
277.39
277.39
277.39
277.39
277.39
277.39
277.39
277.39
277.39
277.39
277.39
277.40
277.40
277.40
277.40
277.40
277.40
277.40
277.40
277.40
277.40
277.40
277.40
277.41
277.41
277.41
277.41
277.41
277.41
277.41
277.41
277.42
277.42
277.42
277.42
277.42
277.42
277.43
277.43
277.43
277.43
277.43
277.43
277.44
277.44
277.44
277.44
277.44
277.45
277.45
277.45
277.45
277.45
277.46
277.46
277.46
277.46
277.47
277.47
277.47
277.47
277.47
277.48
277.48
277.48
277.48
277.49
277.49
277.49
277.49
277.50
277.50
277.50
277.50
277.51
277.51
277.51
277.51
277.52
277.52
277.52
277.52
277.53
277.53
277.53
277.53
277.54
277.54
277.54
277.54
277.55
277.55
277.55
277.55
277.56
277.56
277.56
277.57
277.57
277.57
277.57
277.58
277.58
277.58
277.58
277.59
277.59
277.59
277.59
277.60
277.60
277.60
277.60
277.60
277.61
277.61
277.61
277.61
277.62
277.62
277.62
277.62
277.63
277.63
277.63
277.63
277.63
277.64
277.64
277.64
277.64
277.65
277.65
277.65
277.65
277.66
277.66
277.66
277.66
277.66
277.67
277.67
277.67
277.67
277.68
277.68
277.68
277.68
277.69
277.69
277.69
277.69
277.70
277.70
277.70
277.70
277.71
277.71
277.71
277.71
277.72
277.72
277.72
277.72
277.73
277.73
277.73
277.73
277.74
277.74
277.74
277.75
277.75
277.75
277.75
277.76
277.76
277.76
277.77
277.77
277.77
277.78
277.78
277.78
277.79
277.79
277.79
277.80
277.80
277.80
277.81
277.81
277.82
277.82
277.82
277.83
277.83
277.83
277.84
277.84
277.85
277.85
277.86
277.86
277.86
277.87
277.87
277.88
277.88
277.89
277.89
277.90
277.90
277.91
277.91
277.92
277.92
277.93
277.93
277.94
277.94
277.95
277.95
277.96
277.96
277.97
277.98
277.98
277.99
277.99
278.00
278.01
278.01
278.02
278.03
278.03
278.04
278.04
278.05
278.06
278.07
278.07
278.08
278.09
278.09
278.10
278.11
278.11
278.12
278.13
278.14
278.14
278.15
278.16
278.17
278.17
278.18
278.19
278.20
278.20
278.21
278.22
278.23
278.24
278.24
278.25
278.26
278.27
278.28
278.28
278.29
278.30
278.31
278.32
278.32
278.33
278.34
278.35
278.36
278.36
278.37
278.38
278.39
278.40
278.40
278.41
278.42
278.43
278.44
278.44
278.45
278.46
278.47
278.48
278.48
278.49
278.50
278.51
278.52
278.52
278.53
278.54
278.55
278.55
278.56
278.57
278.58
278.59
278.59
278.60
278.61
278.61
278.62
278.63
278.64
278.64
278.65
278.66
278.67
278.67
278.68
278.69
278.69
278.70
278.71
278.71
278.72
278.73
278.73
278.74
278.75
278.75
278.76
278.76
278.77
278.78
278.78
278.79
278.79
278.80
278.81
278.81
278.82
278.82
278.83
278.83
278.84
278.84
278.85
278.85
278.86
278.86
278.87
278.87
278.88
278.88
278.89
278.89
278.90
278.90
278.91
278.91
278.91
278.92
278.92
278.93
278.93
278.93
278.94
278.94
278.94
278.95
278.95
278.95
278.96
278.96
278.96
278.96
278.97
278.97
278.97
278.97
278.98
278.98
278.98
278.98
278.98
278.99
278.99
278.99
278.99
278.99
278.99
278.99
279.00
279.00
279.00
279.00
279.00
279.00
279.00
279.00
279.00
279.00
279.00
279.00
279.00
279.00
279.00
279.00
279.00
279.00
279.00
278.99
278.99
278.99
278.99
278.99
278.99
278.99
278.98
278.98
278.98
278.98
278.98
278.97
278.97
278.97
278.97
278.97
278.96
278.96
278.96
278.96
278.95
278.95
278.95
278.95
278.94
278.94
278.94
278.93
278.93
278.93
278.93
278.92
278.92
278.92
278.91
278.91
278.91
278.90
278.90
278.90
278.89
278.89
278.89
278.89
278.88
278.88
278.88
278.87
278.87
278.87
278.86
278.86
278.86
278.86
278.85
278.85
278.85
278.84
278.84
278.84
278.84
278.83
278.83
278.83
278.83
278.82
278.82
278.82
278.82
278.81
278.81
278.81
278.81
278.81
278.80
278.80
278.80
278.80
278.80
278.80
278.79
278.79
278.79
278.79
278.79
278.79
278.79
278.79
278.79
278.78
278.78
278.78
278.78
278.78
278.78
278.78
278.78
278.78
278.78
278.78
278.78
278.78
278.78
278.78
278.78
278.78
278.78
278.78
278.78
278.78
278.78
278.78
278.78
278.78
278.78
278.78
278.78
278.78
278.78
278.78
278.78
278.78
278.79
278.79
278.79
278.79
278.79
278.79
278.79
278.79
278.79
278.79
278.79
278.79
278.79
278.79
278.79
278.79
278.79
278.80
278.80
278.80
278.80
278.80
278.80
278.80
278.80
278.80
278.80
278.80
278.80
278.80
278.80
278.80
278.80
278.80
278.80
278.80
278.80
278.80
278.80
278.80
278.80
278.80
278.80
278.80
278.80
278.80
278.80
278.80
278.80
278.80
278.80
278.80
278.80
278.80
278.80
278.80
278.80
278.80
278.80
278.80
278.79
278.79
278.79
278.79
278.79
278.79
278.79
278.79
278.78
278.78
278.78
278.78
278.78
278.78
278.78
278.77
278.77
278.77
278.77
278.77
278.76
278.76
278.76
278.76
278.76
278.75
278.75
278.75
278.75
278.75
278.74
278.74
278.74
278.74
278.74
278.73
278.73
278.73
278.73
278.72
278.72
278.72
278.72
278.71
278.71
278.71
278.71
278.70
278.70
278.70
278.70
278.70
278.69
278.69
278.69
278.69
278.68
278.68
278.68
278.68
278.67
278.67
278.67
278.67
278.66
278.66
278.66
278.66
278.65
278.65
278.65
278.65
278.65
278.64
278.64
278.64
278.64
278.63
278.63
278.63
278.63
278.63
278.62
278.62
278.62
278.62
278.62
278.61
278.61
278.61
278.61
278.61
278.61
278.60
278.60
278.60
278.60
278.60
278.60
278.60
278.59
278.59
278.59
278.59
278.59
278.59
278.59
278.59
278.59
278.58
278.58
278.58
278.58
278.58
278.58
278.58
278.58
278.58
278.58
278.57
278.57
278.57
278.57
278.57
278.57
278.57
278.57
278.57
278.57
278.57
278.57
278.57
278.57
278.56
278.56
278.56
278.56
278.56
278.56
278.56
278.56
278.56
278.56
278.56
278.56
278.56
278.55
278.55
278.55
278.55
278.55
278.55
278.55
278.55
278.55
278.55
278.55
278.54
278.54
278.54
278.54
278.54
278.54
278.54
278.54
278.53
278.53
278.53
278.53
278.53
278.53
278.53
278.52
278.52
278.52
278.52
278.52
278.51
278.51
278.51
278.51
278.51
278.50
278.50
278.50
278.50
278.50
278.49
278.49
278.49
278.48
278.48
278.48
278.48
278.47
278.47
278.47
278.46
278.46
278.46
278.45
278.45
278.45
278.44
278.44
278.43
278.43
278.43
278.42
278.42
278.41
278.41
278.40
278.40
278.40
278.39
278.39
278.38
278.38
278.37
278.36
278.36
278.35
278.35
278.34
278.34
278.33
278.33
278.32
278.31
278.31
278.30
278.30
278.29
278.28
278.28
278.27
278.27
278.26
278.25
278.25
278.24
278.24
278.23
278.22
278.22
278.21
278.21
278.20
278.19
278.19
278.18
278.18
278.17
278.16
278.16
278.15
278.15
278.14
278.14
278.13
278.12
278.12
278.11
278.11
278.10
278.10
278.09
278.09
278.08
278.08
278.07
278.07
278.06
278.06
278.05
278.05
278.05
278.04
278.04
278.04
278.03
278.03
278.02
278.02
278.02
278.02
278.01
278.01
278.01
278.01
278.00
278.00
278.00
278.00
278.00
278.00
277.99
277.99
277.99
277.99
277.99
277.99
277.99
277.99
277.99
277.99
277.99
277.99
277.99
277.99
278.00
278.00
278.00
278.00
278.00
278.00
278.00
278.01
278.01
278.01
278.01
278.01
278.02
278.02
278.02
278.02
278.02
278.03
278.03
278.03
278.04
278.04
278.04
278.04
278.05
278.05
278.05
278.06
278.06
278.06
278.07
278.07
278.07
278.08
278.08
278.08
278.09
278.09
278.09
278.10
278.10
278.10
278.11
278.11
278.11
278.12
278.12
278.12
278.13
278.13
278.13
278.14
278.14
278.14
278.15
278.15
278.15
278.16
278.16
278.16
278.16
278.17
278.17
278.17
278.18
278.18
278.18
278.18
278.19
278.19
278.19
278.19
278.19
278.20
278.20
278.20
278.20
278.20
278.20
278.21
278.21
278.21
278.21
278.21
278.21
278.21
278.21
278.21
278.21
278.21
278.22
278.22
278.22
278.22
278.22
278.22
278.22
278.22
278.22
278.22
278.22
278.22
278.22
278.22
278.22
278.22
278.22
278.22
278.22
278.22
278.22
278.22
278.22
278.22
278.22
278.22
278.22
278.22
278.22
278.22
278.22
278.22
278.22
278.22
278.22
278.22
278.22
278.22
278.22
278.22
278.22
278.22
278.22
278.22
278.22
278.22
278.22
278.22
278.22
278.22
278.22
278.23
278.23
278.23
278.23
278.23
278.23
278.23
278.24
278.24
278.24
278.24
278.24
278.25
278.25
278.25
278.25
278.26
278.26
278.26
278.27
278.27
278.27
278.28
278.28
278.28
278.29
278.29
278.30
278.30
278.31
278.31
278.32
278.32
278.33
278.33
278.34
278.34
278.35
278.36
278.36
278.37
278.38
278.39
278.39
278.40
278.41
278.42
278.42
278.43
278.44
278.45
278.46
278.47
278.48
278.49
278.50
278.51
278.52
278.53
278.54
278.55
278.56
278.57
278.58
278.59
278.60
278.61
278.62
278.63
278.65
278.66
278.67
278.68
278.69
278.70
278.72
278.73
278.74
278.75
278.76
278.78
278.79
278.80
278.81
278.82
278.84
278.85
278.86
278.87
278.88
278.90
278.91
278.92
278.93
278.94
278.96
278.97
278.98
278.99
279.00
279.02
279.03
279.04
279.05
279.06
279.07
279.08
279.10
279.11
279.12
279.13
279.14
279.15
279.16
279.17
279.18
279.19
279.20
279.21
279.22
279.23
279.24
279.25
279.26
279.26
279.27
279.28
279.29
279.30
279.31
279.31
279.32
279.33
279.34
279.34
279.35
279.36
279.37
279.37
279.38
279.39
279.39
279.40
279.40
279.41
279.42
279.42
279.43
279.43
279.44
279.44
279.45
279.46
279.46
279.46
279.47
279.47
279.48
279.48
279.49
279.49
279.50
279.50
279.50
279.51
279.51
279.52
279.52
279.52
279.53
279.53
279.53
279.54
279.54
279.54
279.54
279.55
279.55
279.55
279.55
279.56
279.56
279.56
279.56
279.57
279.57
279.57
279.57
279.57
279.58
279.58
279.58
279.58
279.58
279.58
279.58
279.59
279.59
279.59
279.59
279.59
279.59
279.59
279.59
279.59
279.59
279.60
279.60
279.60
279.60
279.60
279.60
279.60
279.60
279.60
279.60
279.60
279.60
279.60
279.60
279.60
279.60
279.60
279.60
279.60
279.60
279.60
279.60
279.60
279.60
279.60
279.60
279.60
279.60
279.60
279.60
279.60
279.60
279.60
279.60
279.60
279.60
279.60
279.60
279.60
279.60
279.60
279.60
279.60
279.60
279.60
279.60
279.60
279.60
279.60
279.60
279.60
279.60
279.60
279.60
279.60
279.60
279.60
279.60
279.60
279.60
279.60
279.60
279.60
279.60
279.60
279.60
279.60
279.60
279.61
279.61
279.61
279.61
279.61
279.61
279.61
279.62
279.62
279.62
279.62
279.62
279.63
279.63
279.63
279.63
279.64
279.64
279.64
279.64
279.65
279.65
279.65
279.66
279.66
279.66
279.67
279.67
279.68
279.68
279.69
279.69
279.70
279.70
279.71
279.71
279.72
279.72
279.73
279.74
279.74
279.75
279.76
279.76
279.77
279.78
279.78
279.79
279.80
279.81
279.82
279.83
279.83
279.84
279.85
279.86
279.87
279.88
279.89
279.90
279.91
279.92
279.93
279.94
279.95
279.96
279.97
279.98
279.99
280.01
280.02
280.03
280.04
280.05
280.06
280.07
280.08
280.10
280.11
280.12
280.13
280.14
280.15
280.17
280.18
280.19
280.20
280.21
280.22
280.24
280.25
280.26
280.27
280.28
280.29
280.30
280.32
280.33
280.34
280.35
280.36
280.37
280.38
280.39
280.40
280.41
280.42
280.43
280.44
280.45
280.46
280.47
280.48
280.49
280.50
280.51
280.52
280.52
280.53
280.54
280.55
280.55
280.56
280.57
280.58
280.58
280.59
280.59
280.60
280.60
280.61
280.61
280.62
280.62
280.63
280.63
280.63
280.64
280.64
280.64
280.65
280.65
280.65
280.65
280.65
280.65
280.65
280.65
280.65
280.65
280.65
280.64
280.64
280.64
280.64
280.63
280.63
280.62
280.62
280.61
280.61
280.60
280.59
280.59
280.58
280.57
280.56
280.55
280.54
280.53
280.52
280.51
280.50
280.49
280.48
280.47
280.46
280.45
280.44
280.43
280.42
280.41
280.39
280.38
280.37
280.36
280.35
280.34
280.33
280.32
280.31
280.30
280.29
280.28
280.27
280.26
280.25
280.24
280.23
280.22
280.22
280.21
280.20
280.20
280.19
280.19
280.18
280.18
280.17
280.17
280.17
280.17
280.17
280.17
280.17
280.17
280.17
280.18
280.18
280.19
280.19
280.20
280.21
280.21
280.22
280.23
280.25
280.26
280.27
280.29
280.30
280.32
280.34
280.36
280.38
280.40
280.42
280.45
280.47
280.50
280.53
280.55
280.58
280.61
280.64
280.67
280.71
280.74
280.77
280.80
280.83
280.87
280.90
280.93
280.97
281.00
281.03
281.06
281.09
281.12
281.15
281.18
281.21
281.24
281.27
281.30
281.32
281.35
281.37
281.39
281.41
281.43
281.45
281.46
281.48
281.49
281.50
281.51
281.52
281.52
281.53
281.53
281.52
281.52
281.51
281.51
281.50
281.48
281.46
281.45
281.42
281.40
281.37
281.34
281.31
281.27
281.23
281.18
281.14
281.08
281.03
280.97
280.91
280.84
280.77
280.70
280.62
280.54
280.45
280.36
280.27
280.17
280.06
279.95
279.84
279.72
279.60
279.47
279.34
279.21
279.07
278.93
278.80
278.66
278.53
278.40
278.27
278.15
278.04
277.93
277.82
277.71
277.61
277.52
277.43
277.34
277.26
277.17
277.10
277.03
276.96
276.89
276.83
276.77
276.72
276.67
276.62
276.57
276.53
276.49
276.46
276.42
276.39
276.37
276.34
276.32
276.30
276.29
276.28
276.27
276.26
276.25
276.25
276.25
276.25
276.25
276.26
276.27
276.28
276.29
276.31
276.32
276.34
276.36
276.38
276.40
276.43
276.46
276.48
276.51
276.54
276.58
276.61
276.64
276.68
276.72
276.75
276.79
276.83
276.87
276.91
276.96
277.00
277.04
277.09
277.13
277.18
277.22
277.27
277.32
277.36
277.41
277.46
277.50
277.55
277.60
277.64
277.69
277.74
277.78
277.83
277.88
277.92
277.97
278.01
278.05
278.10
278.14
278.18
278.22
278.26
278.30
278.34
278.38
278.41
278.45
278.48
278.51
278.54
278.57
278.60
278.63
278.65
278.68
278.70
278.72
278.74
278.75
278.77
278.78
278.79
278.80
278.81
278.81
278.81
278.82
278.82
278.81
278.81
278.81
278.81
278.80
278.80
278.80
278.79
278.79
278.79
278.78
278.78
278.78
278.77
278.77
278.77
278.77
278.76
278.76
278.76
278.76
278.75
278.75
278.75
278.75
278.74
278.74
278.74
278.74
278.74
278.73
278.73
278.73
278.73
278.73
278.73
278.73
278.72
278.72
278.72
278.72
278.72
278.72
278.72
278.72
278.72
278.72
278.71
278.71
278.71
278.71
278.71
278.71
278.71
278.71
278.71
278.71
278.71
278.71
278.71
278.71
278.71
278.71
278.71
278.71
278.71
278.71
278.71
278.71
278.71
278.71
278.71
278.71
278.71
278.71
278.71
278.72
278.72
278.72
278.72
278.72
278.72
278.72
278.72
278.72
278.72
278.72
278.72
278.73
278.73
278.73
278.73
278.73
278.73
278.73
278.73
278.74
278.74
278.74
278.74
278.74
278.74
278.74
278.74
278.75
278.75
278.75
278.75
278.75
278.75
278.76
278.76
278.76
278.76
278.76
278.76
278.77
278.77
278.77
278.77
278.77
278.77
278.78
278.78
278.78
278.78
278.78
278.78
278.79
278.79
278.79
278.79
278.79
278.79
278.80
278.80
278.80
278.80
278.80
278.81
278.81
278.81
278.81
278.81
278.81
278.82
278.82
278.82
278.82
278.82
278.82
278.83
278.83
278.83
278.83
278.83
278.83
278.84
278.84
278.84
278.84
278.84
278.84
278.85
278.85
278.85
278.85
278.85
278.85
278.86
278.86
278.86
278.86
278.86
278.86
278.86
278.86
278.87
278.87
278.87
278.87
278.87
278.87
278.87
278.87
278.88
278.88
278.88
278.88
278.88
278.88
278.88
278.88
278.88
278.88
278.88
278.88
278.89
278.89
278.89
278.89
278.89
278.89
278.89
278.89
278.89
278.89
278.89
278.89
278.89
278.89
278.89
278.89
278.89
278.89
278.89
278.89
278.89
278.89
278.89
278.89
278.89
278.89
278.89
278.89
278.89
278.88
278.88
278.88
278.88
278.88
278.88
278.88
278.88
278.88
278.88
278.87
278.87
278.87
278.87
278.87
278.87
278.87
278.86
278.86
278.86
278.86
278.86
278.85
278.85
278.85
278.85
278.84
278.84
278.84
278.84
278.83
278.83
278.83
278.83
278.82
278.82
278.82
278.81
278.81
278.81
278.80
278.80
278.80
278.79
278.79
278.79
278.78
278.78
